% Al_l120nm_w110nm_h60nm
% units: lam in nm, alpha in m^3
% lam         Re(alpha_xx)         Im(alpha_xx)         Re(alpha_yy)         Im(alpha_yy)         Re(alpha_zz)         Im(alpha_zz)
300.00      -2.78049841e-23       8.71136583e-22      -2.64417253e-24       9.27103108e-22       3.03011856e-22       2.30470889e-22
310.00      -9.62864181e-23       9.52081618e-22      -7.42083794e-23       9.99816559e-22       3.25659599e-22       3.74936491e-22
320.00      -1.47549002e-22       1.04654521e-21      -1.32378736e-22       1.10525076e-21       3.76264231e-22       4.79277111e-22
330.00      -1.85702117e-22       1.14178494e-21      -1.65114590e-22       1.21827179e-21       4.30689267e-22       5.59709723e-22
340.00      -2.17518033e-22       1.23532575e-21      -1.83950068e-22       1.32618379e-21       4.84380001e-22       6.27315060e-22
350.00      -2.46209555e-22       1.32834658e-21      -1.97226535e-22       1.42967192e-21       5.37395383e-22       6.87117109e-22
360.00      -2.73139656e-22       1.42209211e-21      -2.08145143e-22       1.53148885e-21       5.90363322e-22       7.41554094e-22
370.00      -2.98741761e-22       1.51771531e-21      -2.17415859e-22       1.63385566e-21       6.43907029e-22       7.91615940e-22
380.00      -3.23223648e-22       1.61606417e-21      -2.25132801e-22       1.73828861e-21       6.98509286e-22       8.37867858e-22
390.00      -3.46475255e-22       1.71787095e-21      -2.30866502e-22       1.84575139e-21       7.54351034e-22       8.80415828e-22
400.00      -3.68235210e-22       1.82369618e-21      -2.34089372e-22       1.95698434e-21       8.11653724e-22       9.19192974e-22
410.00      -3.88204495e-22       1.93398772e-21      -2.34230311e-22       2.07237161e-21       8.70266653e-22       9.54051779e-22
420.00      -4.05905289e-22       2.04921311e-21      -2.30567357e-22       2.19228595e-21       9.30206615e-22       9.84825846e-22
430.00      -4.20596312e-22       2.16980871e-21      -2.22025737e-22       2.31694994e-21       9.91033891e-22       1.01119953e-21
440.00      -4.31963395e-22       2.29562906e-21      -2.08243121e-22       2.44601849e-21       1.05232319e-21       1.03321583e-21
450.00      -4.39309841e-22       2.42671742e-21      -1.88410132e-22       2.57925500e-21       1.11359108e-21       1.05095460e-21
460.00      -4.41938595e-22       2.56320359e-21      -1.61632716e-22       2.71652836e-21       1.17451148e-21       1.06425488e-21
470.00      -4.39161153e-22       2.70558649e-21      -1.27121453e-22       2.85786397e-21       1.23481893e-21       1.07332939e-21
480.00      -4.30646043e-22       2.85413843e-21      -8.42749035e-23       3.00336265e-21       1.29432070e-21       1.07824431e-21
490.00      -4.15434435e-22       3.00892484e-21      -3.21607525e-23       3.15253569e-21       1.35272538e-21       1.07920389e-21
500.00      -3.92297450e-22       3.16976514e-21       3.04377156e-23       3.30460572e-21       1.40960171e-21       1.07627570e-21
510.00      -3.59957325e-22       3.33619103e-21       1.04673723e-22       3.45837433e-21       1.46438628e-21       1.06975783e-21
520.00      -3.17031185e-22       3.50789719e-21       1.91673599e-22       3.61290454e-21       1.51688261e-21       1.05971014e-21
530.00      -2.62107928e-22       3.68417537e-21       2.92426809e-22       3.76656436e-21       1.56679388e-21       1.04663956e-21
540.00      -1.94338834e-22       3.86413489e-21       4.07243423e-22       3.91801246e-21       1.61398099e-21       1.03084362e-21
550.00      -1.12603836e-22       4.04655843e-21       5.36382662e-22       4.06532396e-21       1.65832500e-21       1.01271813e-21
560.00      -1.59843568e-23       4.23002528e-21       6.79839532e-22       4.20642657e-21       1.69969463e-21       9.92842159e-22
570.00       9.62639774e-23       4.41294095e-21       8.37123686e-22       4.33970436e-21       1.73811487e-21       9.71371791e-22
580.00       2.25516172e-22       4.59323814e-21       1.00837100e-21       4.46243746e-21       1.77360370e-21       9.48711502e-22
590.00       3.71996153e-22       4.76908455e-21       1.19227939e-21       4.57300044e-21       1.80617242e-21       9.25021693e-22
600.00       5.35589521e-22       4.93813737e-21       1.38743336e-21       4.66941843e-21       1.83597886e-21       9.00825061e-22
610.00       7.16132599e-22       5.09785073e-21       1.59215394e-21       4.74997541e-21       1.86312114e-21       8.76207180e-22
620.00       9.12749229e-22       5.24584661e-21       1.80421301e-21       4.81331804e-21       1.88775476e-21       8.51462211e-22
630.00       1.12474175e-21       5.37908226e-21       2.02127610e-21       4.85779370e-21       1.90987197e-21       8.26769265e-22
640.00       1.35030365e-21       5.49489978e-21       2.24062966e-21       4.88259488e-21       1.92960724e-21       8.02335130e-22
650.00       1.58596921e-21       5.59248304e-21       2.45924803e-21       4.88876045e-21       1.94733180e-21       7.78369297e-22
660.00       1.82943730e-21       5.67085761e-21       2.67451543e-21       4.87752842e-21       1.96331816e-21       7.55073306e-22
670.00       2.07898361e-21       5.72843462e-21       2.88501893e-21       4.84881288e-21       1.97759244e-21       7.32276343e-22
680.00       2.33139888e-21       5.76435654e-21       3.08814176e-21       4.80363714e-21       1.99022965e-21       7.10176698e-22
690.00       2.58295070e-21       5.77843761e-21       3.28162470e-21       4.74366202e-21       2.00138316e-21       6.88848831e-22
700.00       2.83441364e-21       5.76985179e-21       3.46630583e-21       4.66871784e-21       2.01103718e-21       6.67951518e-22
710.00       3.08127041e-21       5.73980423e-21       3.63985079e-21       4.58102089e-21       2.01938645e-21       6.47695622e-22
720.00       3.31690657e-21       5.69083490e-21       3.79854247e-21       4.48506877e-21       2.02669312e-21       6.28636718e-22
730.00       3.53527288e-21       5.62593264e-21       3.93953423e-21       4.38464816e-21       2.03311067e-21       6.11174657e-22
740.00       3.73757942e-21       5.54449899e-21       4.06420661e-21       4.27834537e-21       2.03830455e-21       5.94888513e-22
750.00       3.92619596e-21       5.44716017e-21       4.17525538e-21       4.16576050e-21       2.04235759e-21       5.79362328e-22
760.00       4.09997129e-21       5.34042650e-21       4.27378284e-21       4.05223951e-21       2.04578103e-21       5.64661448e-22
770.00       4.25836445e-21       5.23055777e-21       4.36123313e-21       3.94139596e-21       2.04910448e-21       5.50859648e-22
780.00       4.39650278e-21       5.12228565e-21       4.43523857e-21       3.83785851e-21       2.05241721e-21       5.38739052e-22
790.00       4.50467657e-21       5.02397098e-21       4.49045760e-21       3.74883387e-21       2.05599907e-21       5.29590826e-22
800.00       4.62288682e-21       4.94956646e-21       4.55872314e-21       3.67581602e-21       2.06279514e-21       5.19932739e-22
