% Al_l120nm_w80nm_h50nm
% units: lam in nm, alpha in m^3
% lam         Re(alpha_xx)         Im(alpha_xx)         Re(alpha_yy)         Im(alpha_yy)         Re(alpha_zz)         Im(alpha_zz)
300.00      -2.30954478e-22       6.44315153e-22      -1.69767141e-22       8.56327880e-22       1.71363273e-22       2.36969761e-22
310.00      -2.74267347e-22       7.02216709e-22      -2.02966925e-22       9.87613382e-22       2.15026020e-22       3.32185484e-22
320.00      -3.14485046e-22       7.61020192e-22      -1.90390583e-22       1.10906238e-21       2.66084747e-22       3.99952167e-22
330.00      -3.53304874e-22       8.21062561e-22      -1.64774929e-22       1.21149568e-21       3.17377806e-22       4.52187385e-22
340.00      -3.91759447e-22       8.82967289e-22      -1.37103538e-22       1.30523110e-21       3.68226029e-22       4.94945930e-22
350.00      -4.30118382e-22       9.47356482e-22      -1.07636244e-22       1.39644652e-21       4.18759901e-22       5.30669552e-22
360.00      -4.68491623e-22       1.01478992e-21      -7.48154229e-23       1.48779795e-21       4.69246466e-22       5.60527187e-22
370.00      -5.06909172e-22       1.08579545e-21      -3.69900734e-23       1.58025273e-21       5.19653034e-22       5.85041452e-22
380.00      -5.45250222e-22       1.16086572e-21       7.28999185e-24       1.67396020e-21       5.69843444e-22       6.04533460e-22
390.00      -5.83504516e-22       1.24046972e-21       5.91528760e-23       1.76852650e-21       6.19603947e-22       6.19211515e-22
400.00      -6.21441711e-22       1.32503564e-21       1.19637229e-22       1.86310801e-21       6.68520807e-22       6.29339023e-22
410.00      -6.58781093e-22       1.41505274e-21       1.89632909e-22       1.95658352e-21       7.16265184e-22       6.35078983e-22
420.00      -6.95160331e-22       1.51107412e-21       2.69955782e-22       2.04757734e-21       7.62393643e-22       6.36709865e-22
430.00      -7.30032781e-22       1.61360681e-21       3.60794339e-22       2.13434959e-21       8.06523436e-22       6.34547853e-22
440.00      -7.62892188e-22       1.72277067e-21       4.61777344e-22       2.21502031e-21       8.48346213e-22       6.29137882e-22
450.00      -7.93069761e-22       1.83875932e-21       5.71972759e-22       2.28756976e-21       8.87549652e-22       6.20952967e-22
460.00      -8.19659171e-22       1.96212960e-21       6.90973761e-22       2.35022106e-21       9.24023763e-22       6.10406535e-22
470.00      -8.42115477e-22       2.09335872e-21       8.17398398e-22       2.40180215e-21       9.57788559e-22       5.97855236e-22
480.00      -8.59843048e-22       2.23294293e-21       9.49722881e-22       2.44159173e-21       9.89015844e-22       5.83676155e-22
490.00      -8.71917966e-22       2.38130399e-21       1.08638038e-21       2.46856397e-21       1.01770632e-21       5.68213729e-22
500.00      -8.76877575e-22       2.53873691e-21       1.22538750e-21       2.48186066e-21       1.04389795e-21       5.51766203e-22
510.00      -8.72698450e-22       2.70503354e-21       1.36434570e-21       2.48059066e-21       1.06751721e-21       5.34622064e-22
520.00      -8.57613394e-22       2.88023228e-21       1.50107697e-21       2.46488943e-21       1.08868342e-21       5.17046110e-22
530.00      -8.29696380e-22       3.06407804e-21       1.63362213e-21       2.43540735e-21       1.10752527e-21       4.99167674e-22
540.00      -7.87237830e-22       3.25577943e-21       1.75986920e-21       2.39351425e-21       1.12423279e-21       4.81319864e-22
550.00      -7.28140968e-22       3.45383809e-21       1.87803594e-21       2.34068991e-21       1.13899269e-21       4.63614496e-22
560.00      -6.50537393e-22       3.65654403e-21       1.98682488e-21       2.27884234e-21       1.15192701e-21       4.46279515e-22
570.00      -5.52517075e-22       3.86151742e-21       2.08549146e-21       2.20949554e-21       1.16327040e-21       4.29378347e-22
580.00      -4.32183580e-22       4.06660670e-21       2.17376433e-21       2.13447309e-21       1.17305601e-21       4.12947012e-22
590.00      -2.88302115e-22       4.26855840e-21       2.25158466e-21       2.05556081e-21       1.18154440e-21       3.97101627e-22
600.00      -1.20247591e-22       4.46349411e-21       2.31922418e-21       1.97433443e-21       1.18878858e-21       3.81791481e-22
610.00       7.18437244e-23       4.64736783e-21       2.37703325e-21       1.89215694e-21       1.19501347e-21       3.67167213e-22
620.00       2.87104502e-22       4.81585308e-21       2.42562712e-21       1.81027891e-21       1.20025909e-21       3.53207060e-22
630.00       5.24077819e-22       4.96415584e-21       2.46557267e-21       1.72967447e-21       1.20463058e-21       3.39902278e-22
640.00       7.80052402e-22       5.08784917e-21       2.49752735e-21       1.65081135e-21       1.20817185e-21       3.27276809e-22
650.00       1.04880479e-21       5.18467035e-21       2.52269945e-21       1.57507597e-21       1.21114532e-21       3.15368152e-22
660.00       1.32645270e-21       5.25300373e-21       2.54215235e-21       1.50274476e-21       1.21362541e-21       3.04100055e-22
670.00       1.60922195e-21       5.29141518e-21       2.55652829e-21       1.43371746e-21       1.21564830e-21       2.93458758e-22
680.00       1.89101530e-21       5.29942577e-21       2.56634107e-21       1.36824392e-21       1.21725332e-21       2.83405167e-22
690.00       2.16724091e-21       5.27733313e-21       2.57213079e-21       1.30642968e-21       1.21846741e-21       2.73942759e-22
700.00       2.43655732e-21       5.22633019e-21       2.57450604e-21       1.24739629e-21       1.21922860e-21       2.64896592e-22
710.00       2.69328863e-21       5.14921572e-21       2.57386171e-21       1.19139901e-21       1.21967003e-21       2.56305506e-22
720.00       2.92950844e-21       5.05019370e-21       2.57068682e-21       1.13965279e-21       1.21991736e-21       2.48423314e-22
730.00       3.13848016e-21       4.93545530e-21       2.56542632e-21       1.09319567e-21       1.22011484e-21       2.41415310e-22
740.00       3.32274420e-21       4.80525434e-21       2.55758274e-21       1.05038052e-21       1.21999644e-21       2.35087996e-22
750.00       3.48580766e-21       4.66229069e-21       2.54790016e-21       1.01030427e-21       1.21951321e-21       2.29177728e-22
760.00       3.62797473e-21       4.51425810e-21       2.53727333e-21       9.72990058e-22       1.21892679e-21       2.23676863e-22
770.00       3.74993988e-21       4.36882618e-21       2.52689076e-21       9.39052600e-22       1.21851479e-21       2.18627460e-22
780.00       3.84768475e-21       4.23176388e-21       2.51676728e-21       9.09780268e-22       1.21839870e-21       2.14358597e-22
790.00       3.91270589e-21       4.11123796e-21       2.50659517e-21       8.87769603e-22       1.21875253e-21       2.11574993e-22
800.00       3.98955560e-21       4.02061605e-21       2.50408941e-21       8.66972731e-22       1.22082929e-21       2.08248690e-22
