% Al_l150nm_w100nm_h50nm
% units: lam in nm, alpha in m^3
% lam         Re(alpha_xx)         Im(alpha_xx)         Re(alpha_yy)         Im(alpha_yy)         Re(alpha_zz)         Im(alpha_zz)
300.00       5.46416014e-23       8.71225908e-22      -1.28159686e-23       1.18787539e-21       1.87188197e-22      -5.04883893e-22
310.00      -5.14803913e-23       9.02116797e-22      -3.13298413e-23       1.24456985e-21       4.54492053e-23      -2.62020880e-22
320.00      -1.45201543e-22       9.59358084e-22      -6.63382838e-23       1.29678804e-21       6.67191609e-23      -4.39083579e-23
330.00      -2.24561081e-22       1.02936077e-21      -1.30003254e-22       1.36163692e-21       1.41897355e-22       1.01503375e-22
340.00      -2.93309066e-22       1.10481544e-21      -2.10777920e-22       1.47310720e-21       2.23841086e-22       1.98864407e-22
350.00      -3.55093492e-22       1.18294505e-21      -2.59456326e-22       1.63520523e-21       3.00914255e-22       2.68923084e-22
360.00      -4.12422700e-22       1.26284106e-21      -2.56443293e-22       1.80299127e-21       3.71871736e-22       3.23012428e-22
370.00      -4.66965816e-22       1.34473734e-21      -2.25667716e-22       1.95131412e-21       4.37624139e-22       3.66901290e-22
380.00      -5.19844274e-22       1.42872824e-21      -1.86798124e-22       2.08334753e-21       4.99260662e-22       4.03736915e-22
390.00      -5.71809296e-22       1.51519052e-21      -1.45943797e-22       2.20722806e-21       5.57764775e-22       4.35175943e-22
400.00      -6.23254413e-22       1.60456485e-21      -1.03431462e-22       2.32818235e-21       6.13906330e-22       4.62184922e-22
410.00      -6.74441129e-22       1.69733679e-21      -5.78660848e-23       2.44895667e-21       6.67958260e-22       4.85329202e-22
420.00      -7.25465638e-22       1.79389019e-21      -7.88863989e-24       2.57070578e-21       7.20250107e-22       5.04923742e-22
430.00      -7.76271297e-22       1.89467822e-21       4.80737887e-23       2.69375520e-21       7.70957252e-22       5.21180840e-22
440.00      -8.26828190e-22       1.99976171e-21       1.10596980e-22       2.81770273e-21       8.20020043e-22       5.34427276e-22
450.00      -8.76954683e-22       2.10938670e-21       1.80574180e-22       2.94176913e-21       8.67350087e-22       5.44918210e-22
460.00      -9.26523585e-22       2.22389997e-21       2.58926431e-22       3.06552601e-21       9.13010501e-22       5.52760751e-22
470.00      -9.75304044e-22       2.34399924e-21       3.46605532e-22       3.18836241e-21       9.56980723e-22       5.58133471e-22
480.00      -1.02351715e-21       2.47012803e-21       4.44006551e-22       3.30998237e-21       9.99346943e-22       5.61221576e-22
490.00      -1.07100291e-21       2.60264296e-21       5.51319713e-22       3.42930975e-21       1.04005553e-21       5.62150494e-22
500.00      -1.11712566e-21       2.74201912e-21       6.69236575e-22       3.54482497e-21       1.07903278e-21       5.61109564e-22
510.00      -1.16117899e-21       2.88873314e-21       7.98121946e-22       3.65469756e-21       1.11615574e-21       5.58208150e-22
520.00      -1.20238171e-21       3.04331041e-21       9.37663798e-22       3.75732195e-21       1.15125682e-21       5.53775749e-22
530.00      -1.24020958e-21       3.20623071e-21       1.08782475e-21       3.85113252e-21       1.18448123e-21       5.47810993e-22
540.00      -1.27401291e-21       3.37779374e-21       1.24760987e-21       3.93469862e-21       1.21575268e-21       5.40585446e-22
550.00      -1.30290284e-21       3.55814365e-21       1.41562703e-21       4.00640469e-21       1.24515440e-21       5.32345351e-22
560.00      -1.32601607e-21       3.74732395e-21       1.59043963e-21       4.06511935e-21       1.27268804e-21       5.23279815e-22
570.00      -1.34229763e-21       3.94546559e-21       1.77007408e-21       4.10980552e-21       1.29838078e-21       5.13561339e-22
580.00      -1.35044985e-21       4.15297683e-21       1.95342351e-21       4.13944906e-21       1.32236024e-21       5.03305101e-22
590.00      -1.34934921e-21       4.36990363e-21       2.13840158e-21       4.15383563e-21       1.34464748e-21       4.92620438e-22
600.00      -1.33772098e-21       4.59586877e-21       2.32297091e-21       4.15279095e-21       1.36533771e-21       4.81627592e-22
610.00      -1.31437005e-21       4.83073076e-21       2.50516901e-21       4.13705712e-21       1.38455980e-21       4.70432705e-22
620.00      -1.27731209e-21       5.07341043e-21       2.68271447e-21       4.10666351e-21       1.40231785e-21       4.59213836e-22
630.00      -1.22450880e-21       5.32321202e-21       2.85394019e-21       4.06217945e-21       1.41865471e-21       4.47986542e-22
640.00      -1.15467154e-21       5.57875226e-21       3.01707757e-21       4.00501094e-21       1.43366825e-21       4.36888144e-22
650.00      -1.06714941e-21       5.83831093e-21       3.17091134e-21       3.93737406e-21       1.44756169e-21       4.26000203e-22
660.00      -9.61670176e-22       6.10056076e-21       3.31485214e-21       3.86127416e-21       1.46047054e-21       4.15341049e-22
670.00      -8.36178644e-22       6.36421343e-21       3.44866259e-21       3.77749067e-21       1.47241062e-21       4.04885537e-22
680.00      -6.89390977e-22       6.62651951e-21       3.57151482e-21       3.68758709e-21       1.48344450e-21       3.94703866e-22
690.00      -5.20781296e-22       6.88437925e-21       3.68303118e-21       3.59323921e-21       1.49358097e-21       3.84878639e-22
700.00      -3.27245849e-22       7.13759489e-21       3.78453691e-21       3.49344013e-21       1.50280315e-21       3.75155704e-22
710.00      -1.09387687e-22       7.38238386e-21       3.87560406e-21       3.39111464e-21       1.51124113e-21       3.65695094e-22
720.00       1.28221227e-22       7.61123815e-21       3.95498260e-21       3.28893795e-21       1.51906448e-21       3.56787099e-22
730.00       3.78725019e-22       7.81766995e-21       4.02216056e-21       3.19050731e-21       1.52642961e-21       3.48707423e-22
740.00       6.47285196e-22       7.99924487e-21       4.07783437e-21       3.09309582e-21       1.53304050e-21       3.41248682e-22
750.00       9.34394482e-22       8.15667688e-21       4.12414948e-21       2.99606865e-21       1.53890030e-21       3.34112300e-22
760.00       1.23246988e-21       8.29022835e-21       4.16308073e-21       2.90204623e-21       1.54434953e-21       3.27349624e-22
770.00       1.53203964e-21       8.40195738e-21       4.19647873e-21       2.81340077e-21       1.54964723e-21       3.20966778e-22
780.00       1.82107093e-21       8.48725777e-21       4.22322869e-21       2.73321874e-21       1.55500769e-21       3.15449094e-22
790.00       2.07640686e-21       8.53722164e-21       4.24045380e-21       2.66737867e-21       1.56063996e-21       3.11653417e-22
800.00       2.31152027e-21       8.62375620e-21       4.27124983e-21       2.61097145e-21       1.56807848e-21       3.07155700e-22
