% Al_l180nm_w100nm_h60nm
% units: lam in nm, alpha in m^3
% lam         Re(alpha_xx)         Im(alpha_xx)         Re(alpha_yy)         Im(alpha_yy)         Re(alpha_zz)         Im(alpha_zz)
300.00       4.30503652e-22       1.41841818e-21       2.10988864e-22       1.42042411e-21       7.80737105e-22      -5.96730227e-22
310.00       4.22990822e-22       1.30884674e-21       2.03422846e-22       1.50982010e-21       7.32382669e-22      -7.59830852e-22
320.00       3.31128806e-22       1.23202326e-21       1.92508707e-22       1.59623724e-21       5.57298026e-22      -8.97916574e-22
330.00       2.02940234e-22       1.21356187e-21       1.73718037e-22       1.68200141e-21       2.78637607e-22      -8.93430837e-22
340.00       7.36689256e-23       1.24344223e-21       1.41435989e-22       1.77277377e-21       4.47002771e-23      -7.00353091e-22
350.00      -4.31501800e-23       1.30347071e-21       9.12627397e-23       1.88140213e-21      -4.01939875e-23      -4.29048849e-22
360.00      -1.46051072e-22       1.38033805e-21       3.15258369e-23       2.03061685e-21      -8.72699075e-24      -1.88429811e-22
370.00      -2.37440759e-22       1.46631463e-21      -1.70539674e-24       2.23456319e-21       7.48015302e-23      -5.70404335e-24
380.00      -3.20410751e-22       1.55742252e-21       3.23209565e-23       2.46207559e-21       1.73138407e-22       1.29958425e-22
390.00      -3.97514742e-22       1.65190401e-21       1.24640638e-22       2.66136300e-21       2.71511888e-22       2.33706793e-22
400.00      -4.70680683e-22       1.74900249e-21       2.36451920e-22       2.81824545e-21       3.65350325e-22       3.16449083e-22
410.00      -5.41185486e-22       1.84857029e-21       3.45411310e-22       2.94673783e-21       4.54060469e-22       3.85095439e-22
420.00      -6.10029291e-22       1.95057496e-21       4.47310142e-22       3.06128385e-21       5.38070142e-22       4.43787813e-22
430.00      -6.77743824e-22       2.05557503e-21       5.45041249e-22       3.16992195e-21       6.18178027e-22       4.94915458e-22
440.00      -7.44768941e-22       2.16336053e-21       6.41186093e-22       3.27584336e-21       6.95012670e-22       5.40136796e-22
450.00      -8.11407698e-22       2.27412948e-21       7.38188101e-22       3.38016081e-21       7.69034745e-22       5.80428045e-22
460.00      -8.77738620e-22       2.38820863e-21       8.38142312e-22       3.48285716e-21       8.40684951e-22       6.16410850e-22
470.00      -9.44134324e-22       2.50606424e-21       9.42553619e-22       3.58409637e-21       9.10415590e-22       6.48479255e-22
480.00      -1.01096554e-21       2.62811604e-21       1.05248245e-21       3.68377471e-21       9.78583412e-22       6.76965976e-22
490.00      -1.07837624e-21       2.75474890e-21       1.16853932e-21       3.78111554e-21       1.04517715e-21       7.02038943e-22
500.00      -1.14605260e-21       2.88629124e-21       1.29123597e-21       3.87492912e-21       1.11027362e-21       7.23797458e-22
510.00      -1.21376499e-21       3.02306419e-21       1.42063957e-21       3.96395933e-21       1.17388333e-21       7.42297365e-22
520.00      -1.28127255e-21       3.16554093e-21       1.55681940e-21       4.04700913e-21       1.23578413e-21       7.57627544e-22
530.00      -1.34816716e-21       3.31440780e-21       1.69991933e-21       4.12289475e-21       1.29596494e-21       7.69922279e-22
540.00      -1.41434279e-21       3.46978458e-21       1.84913674e-21       4.19088045e-21       1.35435945e-21       7.79334098e-22
550.00      -1.47968170e-21       3.63193897e-21       2.00368040e-21       4.25015930e-21       1.41088081e-21       7.86068526e-22
560.00      -1.54358246e-21       3.80106636e-21       2.16252804e-21       4.29986637e-21       1.46546026e-21       7.90400693e-22
570.00      -1.60587100e-21       3.97738396e-21       2.32452531e-21       4.33959836e-21       1.51799403e-21       7.92474780e-22
580.00      -1.66597025e-21       4.16166456e-21       2.48911511e-21       4.36867764e-21       1.56847525e-21       7.92411750e-22
590.00      -1.72339141e-21       4.35414374e-21       2.65517590e-21       4.38669917e-21       1.61677341e-21       7.90470079e-22
600.00      -1.77770450e-21       4.55502351e-21       2.82143485e-21       4.39368494e-21       1.66302242e-21       7.86774063e-22
610.00      -1.82811935e-21       4.76450992e-21       2.98655991e-21       4.38971057e-21       1.70712705e-21       7.81553568e-22
620.00      -1.87411715e-21       4.98293184e-21       3.14944142e-21       4.37470602e-21       1.74912829e-21       7.75025539e-22
630.00      -1.91436576e-21       5.21027192e-21       3.30859798e-21       4.34919330e-21       1.78892935e-21       7.67329164e-22
640.00      -1.94787377e-21       5.44681026e-21       3.46308094e-21       4.31322602e-21       1.82661120e-21       7.58635311e-22
650.00      -1.97487269e-21       5.69199801e-21       3.61178231e-21       4.26870641e-21       1.86227753e-21       7.49292754e-22
660.00      -1.99462093e-21       5.94557591e-21       3.75424589e-21       4.21668815e-21       1.89617470e-21       7.39331125e-22
670.00      -2.00595320e-21       6.20824691e-21       3.89011996e-21       4.15736386e-21       1.92827772e-21       7.28844397e-22
680.00      -2.00757328e-21       6.47956938e-21       4.01859142e-21       4.09148284e-21       1.95857620e-21       7.17954741e-22
690.00      -1.99829407e-21       6.75855513e-21       4.13905444e-21       4.02039023e-21       1.98711985e-21       7.06853922e-22
700.00      -1.97610746e-21       7.04804149e-21       4.25261788e-21       3.94306242e-21       2.01393756e-21       6.95160914e-22
710.00      -1.93925007e-21       7.34581575e-21       4.35800432e-21       3.86099843e-21       2.03903426e-21       6.83223292e-22
720.00      -1.88861635e-21       7.64716278e-21       4.45408549e-21       3.77737724e-21       2.06263845e-21       6.71649669e-22
730.00      -1.82443422e-21       7.94635843e-21       4.53960256e-21       3.69511362e-21       2.08504710e-21       6.60931089e-22
740.00      -1.74175658e-21       8.24437822e-21       4.61506130e-21       3.61188833e-21       2.10577560e-21       6.50718929e-22
750.00      -1.63780058e-21       8.54404381e-21       4.68207489e-21       3.52660718e-21       2.12485316e-21       6.40534683e-22
760.00      -1.51707073e-21       8.84290244e-21       4.74211768e-21       3.44209468e-21       2.14282526e-21       6.30594565e-22
770.00      -1.38432800e-21       9.13862037e-21       4.79682034e-21       3.36099284e-21       2.16021452e-21       6.21101656e-22
780.00      -1.24393368e-21       9.42113365e-21       4.84452004e-21       3.28609856e-21       2.17722605e-21       6.12790387e-22
790.00      -1.10570551e-21       9.67018083e-21       4.88220756e-21       3.22393588e-21       2.19404334e-21       6.07188055e-22
800.00      -9.99580997e-22       9.94150812e-21       4.93290553e-21       3.17040305e-21       2.21376041e-21       6.00651366e-22
