% Al_l170nm_w70nm_h50nm
% units: lam in nm, alpha in m^3
% lam         Re(alpha_xx)         Im(alpha_xx)         Re(alpha_yy)         Im(alpha_yy)         Re(alpha_zz)         Im(alpha_zz)
300.00       1.21074426e-22       9.57131575e-22       9.66296432e-23       1.19508670e-21       4.80160998e-22      -5.48778615e-22
310.00       6.06365488e-23       8.26998813e-22       8.11689783e-23       1.26806205e-21       2.45053528e-22      -6.14292361e-22
320.00      -6.21979544e-23       7.80760220e-22       4.96341029e-23       1.37010113e-21       1.75557175e-23      -4.72723160e-22
330.00      -1.78416176e-22       7.93601288e-22       2.74206793e-23       1.53260672e-21      -5.60456989e-23      -2.47308015e-22
340.00      -2.76729216e-22       8.33203256e-22       8.34897412e-23       1.74637421e-21      -2.24141402e-23      -6.20480545e-23
350.00      -3.61148782e-22       8.84559533e-22       2.39317958e-22       1.92032495e-21       4.92122280e-23       6.74475812e-23
360.00      -4.36447202e-22       9.41585705e-22       4.18915261e-22       2.00946566e-21       1.27976672e-22       1.57532918e-22
370.00      -5.05997967e-22       1.00192314e-21       5.74035911e-22       2.04872386e-21       2.04144974e-22       2.22715873e-22
380.00      -5.72113577e-22       1.06479473e-21       7.04690776e-22       2.07050576e-21       2.75544422e-22       2.71870401e-22
390.00      -6.36301615e-22       1.12990407e-21       8.20862396e-22       2.08678269e-21       3.42111629e-22       3.10183761e-22
400.00      -6.99503348e-22       1.19733543e-21       9.29782362e-22       2.10001442e-21       4.04494020e-22       3.40657366e-22
410.00      -7.62421464e-22       1.26728926e-21       1.03533539e-21       2.10990843e-21       4.63216341e-22       3.65044532e-22
420.00      -8.25493912e-22       1.34005129e-21       1.13932428e-21       2.11534046e-21       5.18731613e-22       3.84524668e-22
430.00      -8.88973597e-22       1.41597812e-21       1.24219035e-21       2.11525097e-21       5.71370286e-22       3.99798853e-22
440.00      -9.52987249e-22       1.49506012e-21       1.34341167e-21       2.10931857e-21       6.21219270e-22       4.11554132e-22
450.00      -1.01755296e-21       1.57746221e-21       1.44221342e-21       2.09709595e-21       6.68435093e-22       4.20321250e-22
460.00      -1.08275703e-21       1.66354119e-21       1.53817211e-21       2.07849608e-21       7.13131447e-22       4.26439409e-22
470.00      -1.14879548e-21       1.75384615e-21       1.63102808e-21       2.05370993e-21       7.55495279e-22       4.30162070e-22
480.00      -1.21599561e-21       1.84856568e-21       1.72049557e-21       2.02334451e-21       7.95645908e-22       4.31828039e-22
490.00      -1.28442200e-21       1.94802513e-21       1.80603108e-21       1.98779836e-21       8.33688177e-22       4.31627898e-22
500.00      -1.35384399e-21       2.05272396e-21       1.88696746e-21       1.94731774e-21       8.69579972e-22       4.29850169e-22
510.00      -1.42395325e-21       2.16312575e-21       1.96272177e-21       1.90227833e-21       9.03401982e-22       4.26556841e-22
520.00      -1.49444925e-21       2.27986223e-21       2.03287200e-21       1.85319010e-21       9.35053280e-22       4.22066328e-22
530.00      -1.56523421e-21       2.40341990e-21       2.09730809e-21       1.80073482e-21       9.64725564e-22       4.16473826e-22
540.00      -1.63605882e-21       2.53425711e-21       2.15593920e-21       1.74589715e-21       9.92466694e-22       4.09994244e-22
550.00      -1.70650476e-21       2.67265284e-21       2.20865871e-21       1.68929950e-21       1.01832911e-21       4.02843287e-22
560.00      -1.77611520e-21       2.81894170e-21       2.25558895e-21       1.63187017e-21       1.04240625e-21       3.95173623e-22
570.00      -1.84439050e-21       2.97356452e-21       2.29692139e-21       1.57402602e-21       1.06482858e-21       3.87169791e-22
580.00      -1.91083891e-21       3.13745621e-21       2.33296970e-21       1.51625189e-21       1.08565881e-21       3.78795285e-22
590.00      -1.97473834e-21       3.31086064e-21       2.36408866e-21       1.45904759e-21       1.10496960e-21       3.70204023e-22
600.00      -2.03540029e-21       3.49432938e-21       2.39057375e-21       1.40277387e-21       1.12287622e-21       3.61540892e-22
610.00      -2.09198355e-21       3.68805847e-21       2.41278713e-21       1.34778129e-21       1.13949214e-21       3.52845811e-22
620.00      -2.14366127e-21       3.89261175e-21       2.43120351e-21       1.29440215e-21       1.15491792e-21       3.44177729e-22
630.00      -2.18837026e-21       4.10814401e-21       2.44587759e-21       1.24292012e-21       1.16910678e-21       3.35623368e-22
640.00      -2.22470099e-21       4.33526865e-21       2.45701760e-21       1.19312487e-21       1.18220049e-21       3.27231954e-22
650.00      -2.25224742e-21       4.57278532e-21       2.46548145e-21       1.14568205e-21       1.19434328e-21       3.19077100e-22
660.00      -2.27041549e-21       4.82035326e-21       2.47176350e-21       1.10058231e-21       1.20570932e-21       3.11155901e-22
670.00      -2.27716789e-21       5.07883897e-21       2.47591024e-21       1.05754816e-21       1.21627306e-21       3.03434076e-22
680.00      -2.27046730e-21       5.34742774e-21       2.47817335e-21       1.01667906e-21       1.22607817e-21       2.95983681e-22
690.00      -2.24852946e-21       5.62467129e-21       2.47867631e-21       9.77990427e-22       1.23518156e-21       2.88828054e-22
700.00      -2.20849397e-21       5.91347088e-21       2.47758926e-21       9.40829831e-22       1.24354115e-21       2.81803595e-22
710.00      -2.14880277e-21       6.21131032e-21       2.47507919e-21       9.05372379e-22       1.25123574e-21       2.74973973e-22
720.00      -2.06872110e-21       6.51091136e-21       2.47163638e-21       8.72593036e-22       1.25845962e-21       2.68606329e-22
730.00      -1.96799085e-21       6.80438680e-21       2.46717871e-21       8.42836187e-22       1.26531631e-21       2.62928818e-22
740.00      -1.84060620e-21       7.09279351e-21       2.46139826e-21       8.15427626e-22       1.27160315e-21       2.57771849e-22
750.00      -1.68483963e-21       7.37788892e-21       2.45450374e-21       7.89543627e-22       1.27720966e-21       2.52898035e-22
760.00      -1.50690316e-21       7.65487617e-21       2.44726059e-21       7.65392325e-22       1.28251215e-21       2.48272597e-22
770.00      -1.31251857e-21       7.92001157e-21       2.44034073e-21       7.43111823e-22       1.28771969e-21       2.44003188e-22
780.00      -1.10878675e-21       8.15968574e-21       2.43382197e-21       7.23783392e-22       1.29299239e-21       2.40425279e-22
790.00      -9.08491080e-22       8.34945947e-21       2.42777775e-21       7.09453917e-22       1.29855989e-21       2.38307189e-22
800.00      -7.51372171e-22       8.55751995e-21       2.42729087e-21       6.95204099e-22       1.30567825e-21       2.35501427e-22
