% Al_l140nm_w60nm_h40nm
% units: lam in nm, alpha in m^3
% lam         Re(alpha_xx)         Im(alpha_xx)         Re(alpha_yy)         Im(alpha_yy)         Re(alpha_zz)         Im(alpha_zz)
300.00      -2.19348651e-22       4.57901194e-22      -1.12039342e-22       9.37840680e-22       3.82046070e-23       1.62041465e-23
310.00      -2.86878004e-22       4.89783087e-22      -1.24214061e-22       1.11169224e-21       8.97901272e-23       1.14245207e-22
320.00      -3.44073936e-22       5.27475531e-22      -2.57166793e-23       1.27708701e-21       1.47964564e-22       1.72934405e-22
330.00      -3.95692471e-22       5.67591129e-22       1.06517357e-22       1.37045839e-21       2.02046647e-22       2.10233779e-22
340.00      -4.44614716e-22       6.09295175e-22       2.27369508e-22       1.42369304e-21       2.51124922e-22       2.35271148e-22
350.00      -4.92321068e-22       6.52661652e-22       3.36923624e-22       1.45973645e-21       2.95766754e-22       2.52396113e-22
360.00      -5.39676700e-22       6.97984786e-22       4.41009916e-22       1.48567294e-21       3.36687282e-22       2.63871860e-22
370.00      -5.87218474e-22       7.45569861e-22       5.42849964e-22       1.50273084e-21       3.74277582e-22       2.71069412e-22
380.00      -6.35369695e-22       7.95653348e-22       6.43330805e-22       1.51106546e-21       4.08923021e-22       2.74871394e-22
390.00      -6.84347355e-22       8.48634125e-22       7.42393064e-22       1.51005903e-21       4.40816323e-22       2.75944320e-22
400.00      -7.34333496e-22       9.04793541e-22       8.39069091e-22       1.49969731e-21       4.70093384e-22       2.74823727e-22
410.00      -7.85414790e-22       9.64505890e-22       9.32274164e-22       1.47996287e-21       4.96899042e-22       2.71932718e-22
420.00      -8.37629833e-22       1.02817713e-21       1.02067455e-21       1.45146560e-21       5.21410379e-22       2.67609999e-22
430.00      -8.90938976e-22       1.09627466e-21       1.10309779e-21       1.41508699e-21       5.43721533e-22       2.62151113e-22
440.00      -9.45141028e-22       1.16896958e-21       1.17837909e-21       1.37215425e-21       5.63985845e-22       2.55911302e-22
450.00      -1.00000367e-21       1.24657638e-21       1.24568849e-21       1.32426898e-21       5.82314098e-22       2.49185531e-22
460.00      -1.05526455e-21       1.32964829e-21       1.30494554e-21       1.27249766e-21       5.98892373e-22       2.42065572e-22
470.00      -1.11109236e-21       1.41857287e-21       1.35656370e-21       1.21870961e-21       6.13870757e-22       2.34738492e-22
480.00      -1.16753707e-21       1.51401127e-21       1.40118099e-21       1.16347647e-21       6.27468565e-22       2.27236958e-22
490.00      -1.22434522e-21       1.61631249e-21       1.43915239e-21       1.10805029e-21       6.39817566e-22       2.19653109e-22
500.00      -1.28104614e-21       1.72624152e-21       1.47083430e-21       1.05310255e-21       6.50975917e-22       2.12125941e-22
510.00      -1.33706569e-21       1.84462084e-21       1.49665352e-21       9.99029629e-22       6.61047294e-22       2.04619849e-22
520.00      -1.39125057e-21       1.97234228e-21       1.51692187e-21       9.46295995e-22       6.70045105e-22       1.97305099e-22
530.00      -1.44316856e-21       2.11014634e-21       1.53252805e-21       8.95533102e-22       6.78101081e-22       1.90121526e-22
540.00      -1.49183650e-21       2.25872780e-21       1.54384282e-21       8.46688275e-22       6.85316260e-22       1.83145874e-22
550.00      -1.53602799e-21       2.41850896e-21       1.55159114e-21       8.00382910e-22       6.91795149e-22       1.76408099e-22
560.00      -1.57431690e-21       2.58986641e-21       1.55627868e-21       7.56741233e-22       6.97594935e-22       1.69953067e-22
570.00      -1.60501694e-21       2.77330670e-21       1.55826895e-21       7.15663459e-22       7.02811687e-22       1.63767479e-22
580.00      -1.62653855e-21       2.96930035e-21       1.55807543e-21       6.77112680e-22       7.07466183e-22       1.57839288e-22
590.00      -1.63645856e-21       3.17839189e-21       1.55598278e-21       6.40907687e-22       7.11638830e-22       1.52191244e-22
600.00      -1.63274090e-21       3.39982982e-21       1.55244069e-21       6.07149577e-22       7.15375413e-22       1.46795075e-22
610.00      -1.61254931e-21       3.63321739e-21       1.54764610e-21       5.75663400e-22       7.18724493e-22       1.41690065e-22
620.00      -1.57341051e-21       3.87703704e-21       1.54190688e-21       5.46401601e-22       7.21735256e-22       1.36845164e-22
630.00      -1.51125410e-21       4.13000995e-21       1.53522854e-21       5.19173414e-22       7.24389052e-22       1.32254573e-22
640.00      -1.42336355e-21       4.38907196e-21       1.52788389e-21       4.93943663e-22       7.26742168e-22       1.27938087e-22
650.00      -1.30880707e-21       4.65018096e-21       1.52020435e-21       4.70660108e-22       7.28892871e-22       1.23887187e-22
660.00      -1.16639336e-21       4.90992633e-21       1.51230359e-21       4.49080542e-22       7.30867385e-22       1.20062797e-22
670.00      -9.94280751e-22       5.16431051e-21       1.50428844e-21       4.29094085e-22       7.32667431e-22       1.16481909e-22
680.00      -7.92111093e-22       5.40781318e-21       1.49616115e-21       4.10593157e-22       7.34297609e-22       1.13092647e-22
690.00      -5.59196683e-22       5.63453835e-21       1.48796748e-21       3.93527885e-22       7.35774013e-22       1.09926710e-22
700.00      -2.95087847e-22       5.84210194e-21       1.47954581e-21       3.77404855e-22       7.37045986e-22       1.06893602e-22
710.00      -3.71873494e-24       6.02364891e-21       1.47117129e-21       3.62382245e-22       7.38160520e-22       1.04013143e-22
720.00       3.05566931e-22       6.16899675e-21       1.46292016e-21       3.48764846e-22       7.39225700e-22       1.01410342e-22
730.00       6.19306147e-22       6.27091275e-21       1.45496773e-21       3.36875398e-22       7.40268398e-22       9.91612989e-23
740.00       9.38296145e-22       6.32846182e-21       1.44688891e-21       3.26265244e-22       7.41173604e-22       9.72184325e-23
750.00       1.26085476e-21       6.34518570e-21       1.43860653e-21       3.16430342e-22       7.41900038e-22       9.54262359e-23
760.00       1.57394068e-21       6.32646822e-21       1.43055883e-21       3.07410115e-22       7.42567224e-22       9.37812036e-23
770.00       1.86595729e-21       6.28083106e-21       1.42319764e-21       2.99287052e-22       7.43315377e-22       9.22882745e-23
780.00       2.12336747e-21       6.20910047e-21       1.41650265e-21       2.92563836e-22       7.44222279e-22       9.11253485e-23
790.00       2.31917449e-21       6.11274537e-21       1.41069225e-21       2.88435233e-22       7.45413672e-22       9.06650364e-23
800.00       2.49079755e-21       6.06869460e-21       1.40801702e-21       2.83766661e-22       7.47435979e-22       8.97983051e-23
