% Al_l180nm_w100nm_h40nm
% units: lam in nm, alpha in m^3
% lam         Re(alpha_xx)         Im(alpha_xx)         Re(alpha_yy)         Im(alpha_yy)         Re(alpha_zz)         Im(alpha_zz)
300.00       7.63862066e-23       1.49741926e-21      -1.28730711e-22       1.43795211e-21      -1.67522681e-22      -6.81495323e-22
310.00       1.79901882e-22       1.36492429e-21      -1.32797857e-22       1.52102265e-21      -2.65291216e-22      -4.76619458e-22
320.00       1.40066809e-22       1.21158904e-21      -1.35711258e-22       1.59964960e-21      -2.48726735e-22      -2.76344348e-22
330.00       1.53323387e-23       1.12828056e-21      -1.41446644e-22       1.67311487e-21      -1.74078794e-22      -1.28192514e-22
340.00      -1.24335077e-22       1.11635715e-21      -1.56382030e-22       1.74155947e-21      -8.40988858e-23      -2.75532926e-23
350.00      -2.51074580e-22       1.14827357e-21      -1.90534950e-22       1.80979858e-21       3.82020441e-24       4.10523997e-23
360.00      -3.60897275e-22       1.20304319e-21      -2.54658795e-22       1.89535726e-21       8.44501402e-23       8.95215025e-23
370.00      -4.56999226e-22       1.26953892e-21      -3.39830298e-22       2.03357479e-21       1.57370442e-22       1.25387910e-22
380.00      -5.43349586e-22       1.34235119e-21      -3.94659599e-22       2.24217528e-21       2.23381094e-22       1.53105335e-22
390.00      -6.23086267e-22       1.41904015e-21      -3.74273350e-22       2.47686937e-21       2.83595629e-22       1.75252709e-22
400.00      -6.98517438e-22       1.49868523e-21      -2.95967261e-22       2.68580338e-21       3.38982198e-22       1.93399070e-22
410.00      -7.71169531e-22       1.58085442e-21      -1.95338853e-22       2.85973766e-21       3.90403284e-22       2.08494260e-22
420.00      -8.42126642e-22       1.66586660e-21      -8.93840105e-23       3.01019345e-21       4.38409487e-22       2.21101940e-22
430.00      -9.12107969e-22       1.75380721e-21       1.80375769e-23       3.14712146e-21       4.83496743e-22       2.31631133e-22
440.00      -9.81522033e-22       1.84460861e-21       1.26991709e-22       3.27580100e-21       5.25962162e-22       2.40383271e-22
450.00      -1.05064212e-21       1.93839494e-21       2.39139193e-22       3.39864837e-21       5.66074970e-22       2.47623355e-22
460.00      -1.11956002e-21       2.03555738e-21       3.56348036e-22       3.51652128e-21       6.04008208e-22       2.53518530e-22
470.00      -1.18883305e-21       2.13639780e-21       4.79847476e-22       3.63004307e-21       6.40008483e-22       2.58142760e-22
480.00      -1.25888625e-21       2.24135003e-21       6.10492342e-22       3.73936521e-21       6.74230508e-22       2.61639018e-22
490.00      -1.32985589e-21       2.35068016e-21       7.48811291e-22       3.84365244e-21       7.06799681e-22       2.64072510e-22
500.00      -1.40156231e-21       2.46473087e-21       8.95067647e-22       3.94153365e-21       7.37773889e-22       2.65530137e-22
510.00      -1.47376585e-21       2.58401884e-21       1.04962014e-21       4.03130685e-21       7.67168233e-22       2.66131867e-22
520.00      -1.54606223e-21       2.70923890e-21       1.21232530e-21       4.11121975e-21       7.95040147e-22       2.65921495e-22
530.00      -1.61842955e-21       2.84076394e-21       1.38260620e-21       4.18020571e-21       8.21424509e-22       2.64965121e-22
540.00      -1.69072974e-21       2.97891493e-21       1.55901179e-21       4.23739334e-21       8.46409648e-22       2.63405871e-22
550.00      -1.76265357e-21       3.12391812e-21       1.74007695e-21       4.28157282e-21       8.70069943e-22       2.61283879e-22
560.00      -1.83380331e-21       3.27602866e-21       1.92404133e-21       4.31205875e-21       8.92422013e-22       2.58746833e-22
570.00      -1.90380201e-21       3.43559663e-21       2.10929744e-21       4.32851588e-21       9.13575340e-22       2.55819468e-22
580.00      -1.97224266e-21       3.60342156e-21       2.29464162e-21       4.33050950e-21       9.33536791e-22       2.52584113e-22
590.00      -2.03865509e-21       3.77979214e-21       2.47811097e-21       4.31833228e-21       9.52386970e-22       2.49038347e-22
600.00      -2.10246355e-21       3.96493583e-21       2.65808574e-21       4.29232279e-21       9.70181331e-22       2.45272531e-22
610.00      -2.16302322e-21       4.15925434e-21       2.83278241e-21       4.25326018e-21       9.86986490e-22       2.41360533e-22
620.00      -2.21971953e-21       4.36292197e-21       3.00081395e-21       4.20213793e-21       1.00282202e-21       2.37361292e-22
630.00      -2.27097648e-21       4.57642144e-21       3.16063280e-21       4.13956048e-21       1.01774296e-21       2.33233902e-22
640.00      -2.31556724e-21       4.79999150e-21       3.31114626e-21       4.06633976e-21       1.03177498e-21       2.29105338e-22
650.00      -2.35362835e-21       5.03267242e-21       3.45140090e-21       3.98571348e-21       1.04506789e-21       2.24973476e-22
660.00      -2.38468357e-21       5.27453484e-21       3.58155949e-21       3.89912555e-21       1.05765301e-21       2.20879896e-22
670.00      -2.40723217e-21       5.52632136e-21       3.70156933e-21       3.80704351e-21       1.06955083e-21       2.16806120e-22
680.00      -2.42030292e-21       5.78743809e-21       3.81123593e-21       3.71125046e-21       1.08080899e-21       2.12770133e-22
690.00      -2.42125264e-21       6.05703264e-21       3.90981833e-21       3.61236130e-21       1.09146612e-21       2.08850988e-22
700.00      -2.40878437e-21       6.33806202e-21       3.99909797e-21       3.51009935e-21       1.10144887e-21       2.04923570e-22
710.00      -2.38147869e-21       6.62881841e-21       4.07876239e-21       3.40609748e-21       1.11085291e-21       2.01032953e-22
720.00      -2.33831218e-21       6.92320266e-21       4.14763608e-21       3.30375465e-21       1.11977738e-21       1.97369485e-22
730.00      -2.27934509e-21       7.21403950e-21       4.20523137e-21       3.20631333e-21       1.12835487e-21       1.94106657e-22
740.00      -2.19857029e-21       7.50356711e-21       4.25213008e-21       3.11074583e-21       1.13640742e-21       1.91111009e-22
750.00      -2.09468022e-21       7.79466559e-21       4.29052871e-21       3.01610649e-21       1.14392263e-21       1.88248756e-22
760.00      -1.97154600e-21       8.08391933e-21       4.32236082e-21       2.92469153e-21       1.15104287e-21       1.85515596e-22
770.00      -1.83608144e-21       8.36696677e-21       4.34958585e-21       2.83908246e-21       1.15800163e-21       1.82947892e-22
780.00      -1.69084769e-21       8.63117110e-21       4.37070485e-21       2.76214479e-21       1.16493925e-21       1.80782299e-22
790.00      -1.54463108e-21       8.85149926e-21       4.38281834e-21       2.70073254e-21       1.17196585e-21       1.79546325e-22
800.00      -1.44349146e-21       9.08722326e-21       4.41005590e-21       2.64909453e-21       1.17995440e-21       1.77729876e-22
