% Al_l150nm_w120nm_h40nm
% units: lam in nm, alpha in m^3
% lam         Re(alpha_xx)         Im(alpha_xx)         Re(alpha_yy)         Im(alpha_yy)         Re(alpha_zz)         Im(alpha_zz)
300.00       2.43825273e-24       1.06799525e-21      -1.45453743e-22       1.24283199e-21      -7.82576608e-23      -1.85223184e-22
310.00      -6.00363831e-23       1.09909946e-21      -1.66090396e-22       1.31294320e-21       1.16872113e-23      -2.48086434e-23
320.00      -1.27559103e-22       1.11823379e-21      -1.84122296e-22       1.37355680e-21       1.08097050e-22       6.90342576e-23
330.00      -2.17010700e-22       1.14911059e-21      -2.08636404e-22       1.42161194e-21       1.93039384e-22       1.28420615e-22
340.00      -3.11344954e-22       1.20746243e-21      -2.55798760e-22       1.46089920e-21       2.66413104e-22       1.70127210e-22
350.00      -3.95336596e-22       1.28552887e-21      -3.38145733e-22       1.51632160e-21       3.30814504e-22       2.01911453e-22
360.00      -4.67324558e-22       1.37273905e-21      -4.32908185e-22       1.61932365e-21       3.88516820e-22       2.27495671e-22
370.00      -5.30523339e-22       1.46382723e-21      -5.01054711e-22       1.76028278e-21       4.41180060e-22       2.48812678e-22
380.00      -5.88196188e-22       1.55699906e-21      -5.37149297e-22       1.90902587e-21       4.89950635e-22       2.66906412e-22
390.00      -6.42458775e-22       1.65220487e-21      -5.54225507e-22       2.05291123e-21       5.35615698e-22       2.82368541e-22
400.00      -6.94618143e-22       1.74973303e-21      -5.62025151e-22       2.19187333e-21       5.78740725e-22       2.95548163e-22
410.00      -7.45424754e-22       1.85008327e-21      -5.64713960e-22       2.32872000e-21       6.19686203e-22       3.06609727e-22
420.00      -7.95304494e-22       1.95386856e-21      -5.63616420e-22       2.46602421e-21       6.58661047e-22       3.15757651e-22
430.00      -8.44347801e-22       2.06161280e-21      -5.58646330e-22       2.60560379e-21       6.95837106e-22       3.23106189e-22
440.00      -8.92583291e-22       2.17343406e-21      -5.49545358e-22       2.74800791e-21       7.31276293e-22       3.28843834e-22
450.00      -9.39911151e-22       2.28947550e-21      -5.35693992e-22       2.89361375e-21       7.65038691e-22       3.33177834e-22
460.00      -9.86066837e-22       2.41035144e-21      -5.16103866e-22       3.04295476e-21       7.97215472e-22       3.36126187e-22
470.00      -1.03119308e-21       2.53657398e-21      -4.90348837e-22       3.19659161e-21       8.27893248e-22       3.37797924e-22
480.00      -1.07555750e-21       2.66869467e-21      -4.57932516e-22       3.35506562e-21       8.57158052e-22       3.38283413e-22
490.00      -1.11865789e-21       2.80725176e-21      -4.17626435e-22       3.51836044e-21       8.85040465e-22       3.37692122e-22
500.00      -1.15996949e-21       2.95254646e-21      -3.68325696e-22       3.68597468e-21       9.11528082e-22       3.36115832e-22
510.00      -1.19871701e-21       3.10507205e-21      -3.08615454e-22       3.85731050e-21       9.36604622e-22       3.33635988e-22
520.00      -1.23415506e-21       3.26538837e-21      -2.36952921e-22       4.03165739e-21       9.60262497e-22       3.30381535e-22
530.00      -1.26551411e-21       3.43394812e-21      -1.52343455e-22       4.20820179e-21       9.82531722e-22       3.26443359e-22
540.00      -1.29226791e-21       3.61096706e-21      -5.39752945e-23       4.38575799e-21       1.00352571e-21       3.21898721e-22
550.00      -1.31349923e-21       3.79649154e-21       5.88329948e-23       4.56281567e-21       1.02323635e-21       3.16893047e-22
560.00      -1.32830126e-21       3.99050033e-21       1.86526440e-22       4.73745110e-21       1.04172550e-21       3.11528576e-22
570.00      -1.33556829e-21       4.19303710e-21       3.29746626e-22       4.90791918e-21       1.05906192e-21       3.05867749e-22
580.00      -1.33417795e-21       4.40445682e-21       4.88893187e-22       5.07259559e-21       1.07529468e-21       2.99960395e-22
590.00      -1.32294445e-21       4.62464331e-21       6.63671825e-22       5.22931964e-21       1.09044281e-21       2.93866208e-22
600.00      -1.30032745e-21       4.85305819e-21       8.53936333e-22       5.37553674e-21       1.10460719e-21       2.87682620e-22
610.00      -1.26517107e-21       5.08932651e-21       1.05843385e-21       5.50938893e-21       1.11782637e-21       2.81406421e-22
620.00      -1.21605736e-21       5.33255374e-21       1.27572354e-21       5.62868562e-21       1.13016616e-21       2.75140926e-22
630.00      -1.15081163e-21       5.58170159e-21       1.50468164e-21       5.73070213e-21       1.14162642e-21       2.68905265e-22
640.00      -1.06846575e-21       5.83533799e-21       1.74297380e-21       5.81411482e-21       1.15228753e-21       2.62740002e-22
650.00      -9.68030484e-22       6.09164701e-21       1.98700390e-21       5.87779326e-21       1.16224883e-21       2.56689590e-22
660.00      -8.49799767e-22       6.34893687e-21       2.23430981e-21       5.92207957e-21       1.17160128e-21       2.50796082e-22
670.00      -7.12096599e-22       6.60595080e-21       2.48302054e-21       5.94652454e-21       1.18033925e-21       2.45006441e-22
680.00      -5.53644128e-22       6.86016577e-21       2.73053244e-21       5.95052997e-21       1.18850592e-21       2.39380543e-22
690.00      -3.74395707e-22       7.10826284e-21       2.97335599e-21       5.93465065e-21       1.19613419e-21       2.33941109e-22
700.00      -1.70859381e-22       7.35041249e-21       3.21290448e-21       5.89822046e-21       1.20315455e-21       2.28566145e-22
710.00       5.54405944e-23       7.58254036e-21       3.44510303e-21       5.84330948e-21       1.20968031e-21       2.23312361e-22
720.00       2.99578996e-22       7.79764304e-21       3.66363560e-21       5.77253125e-21       1.21580472e-21       2.18379093e-22
730.00       5.54138854e-22       7.98912680e-21       3.86273265e-21       5.69022264e-21       1.22168571e-21       2.13927928e-22
740.00       8.24728861e-22       8.15471432e-21       4.04473263e-21       5.59388625e-21       1.22706972e-21       2.09835318e-22
750.00       1.11158189e-21       8.29596180e-21       4.21257934e-21       5.48473541e-21       1.23197869e-21       2.05944095e-22
760.00       1.40692109e-21       8.41346821e-21       4.36571228e-21       5.36909531e-21       1.23659633e-21       2.02247737e-22
770.00       1.70165617e-21       8.51000666e-21       4.50400987e-21       5.25357571e-21       1.24111464e-21       1.98774195e-22
780.00       1.98286252e-21       8.58093258e-21       4.62238949e-21       5.14253630e-21       1.24567175e-21       1.95773189e-22
790.00       2.22651814e-21       8.61785811e-21       4.71025289e-21       5.04469257e-21       1.25042882e-21       1.93807533e-22
800.00       2.44862581e-21       8.69551529e-21       4.81107708e-21       4.97467837e-21       1.25627263e-21       1.91273906e-22
