% Al_l100nm_w40nm_h60nm
% units: lam in nm, alpha in m^3
% lam         Re(alpha_xx)         Im(alpha_xx)         Re(alpha_yy)         Im(alpha_yy)         Re(alpha_zz)         Im(alpha_zz)
300.00      -2.68997015e-22       3.83102560e-22       3.37282090e-22       6.04900427e-22      -4.54414980e-23       3.82439075e-22
310.00      -3.01083442e-22       4.21338760e-22       3.87861730e-22       6.02659455e-22      -4.97044041e-23       4.65398470e-22
320.00      -3.33253803e-22       4.62003426e-22       4.35054495e-22       5.95741335e-22      -3.90861034e-23       5.44625507e-22
330.00      -3.65940746e-22       5.05408212e-22       4.79142547e-22       5.84716664e-22      -1.76135383e-23       6.21072960e-22
340.00      -3.99412273e-22       5.52009292e-22       5.20139216e-22       5.69903100e-22       1.37759536e-23       6.95350977e-22
350.00      -4.33599696e-22       6.02394213e-22       5.57602603e-22       5.51552552e-22       5.53776480e-23       7.66742037e-22
360.00      -4.68290059e-22       6.57105276e-22       5.91054934e-22       5.30244112e-22       1.07396300e-22       8.33912992e-22
370.00      -5.03297877e-22       7.16876785e-22       6.20321983e-22       5.06600574e-22       1.69703073e-22       8.94749746e-22
380.00      -5.38314494e-22       7.82167973e-22       6.45359714e-22       4.81568633e-22       2.41423678e-22       9.47175711e-22
390.00      -5.73004690e-22       8.53747955e-22       6.66360009e-22       4.55751129e-22       3.20872816e-22       9.89135235e-22
400.00      -6.06901839e-22       9.32212621e-22       6.83612636e-22       4.29831954e-22       4.05996144e-22       1.01907037e-21
410.00      -6.39150328e-22       1.01839410e-21       6.97387310e-22       4.04257464e-22       4.93871682e-22       1.03577104e-21
420.00      -6.68906577e-22       1.11302520e-21       7.08068538e-22       3.79409130e-22       5.81631544e-22       1.03913743e-21
430.00      -6.94909772e-22       1.21692556e-21       7.16053396e-22       3.55577899e-22       6.66666777e-22       1.02976582e-21
440.00      -7.15747971e-22       1.33029074e-21       7.21707691e-22       3.33053956e-22       7.45896163e-22       1.00928986e-21
450.00      -7.29601654e-22       1.45326956e-21       7.25424931e-22       3.12009602e-22       8.17673531e-22       9.79810864e-22
460.00      -7.34240468e-22       1.58630715e-21       7.27505227e-22       2.92409022e-22       8.80934733e-22       9.43312279e-22
470.00      -7.27819332e-22       1.72931206e-21       7.28298015e-22       2.74148293e-22       9.35651837e-22       9.02202824e-22
480.00      -7.08156763e-22       1.88209753e-21       7.28182800e-22       2.57198864e-22       9.82256044e-22       8.58319430e-22
490.00      -6.72719070e-22       2.04349521e-21       7.27317412e-22       2.41462980e-22       1.02120045e-21       8.13136236e-22
500.00      -6.17950972e-22       2.21196212e-21       7.25820453e-22       2.26897841e-22       1.05299824e-21       7.67792474e-22
510.00      -5.40504935e-22       2.38470784e-21       7.23777175e-22       2.13415610e-22       1.07832007e-21       7.23248346e-22
520.00      -4.37251881e-22       2.55767696e-21       7.21247177e-22       2.00943252e-22       1.09786021e-21       6.79993167e-22
530.00      -3.06080047e-22       2.72609264e-21       7.18351705e-22       1.89393131e-22       1.11253635e-21       6.38615319e-22
540.00      -1.46562219e-22       2.88378476e-21       7.15233948e-22       1.78732011e-22       1.12303465e-21       5.99350313e-22
550.00       4.03072119e-23       3.02380641e-21       7.11919525e-22       1.68890299e-22       1.13011265e-21       5.62595243e-22
560.00       2.51319223e-22       3.13935542e-21       7.08506003e-22       1.59834482e-22       1.13426797e-21       5.28291307e-22
570.00       4.81032965e-22       3.22447916e-21       7.05020376e-22       1.51497046e-22       1.13615856e-21       4.96573031e-22
580.00       7.23125138e-22       3.27522051e-21       7.01490424e-22       1.43790503e-22       1.13615578e-21       4.67188521e-22
590.00       9.69511055e-22       3.28943536e-21       6.97957488e-22       1.36663717e-22       1.13460828e-21       4.39991654e-22
600.00       1.21184476e-21       3.26724107e-21       6.94422953e-22       1.30082283e-22       1.13193826e-21       4.14946103e-22
610.00       1.44240647e-21       3.21173648e-21       6.90949047e-22       1.24002926e-22       1.12838891e-21       3.91918332e-22
620.00       1.65460028e-21       3.12742016e-21       6.87527168e-22       1.18392032e-22       1.12408130e-21       3.70750838e-22
630.00       1.84404771e-21       3.01945166e-21       6.84158590e-22       1.13220256e-22       1.11919386e-21       3.51321424e-22
640.00       2.00845648e-21       2.89337926e-21       6.80790797e-22       1.08442935e-22       1.11378047e-21       3.33490376e-22
650.00       2.14641230e-21       2.75814455e-21       6.77583124e-22       1.04065030e-22       1.10824135e-21       3.17231795e-22
660.00       2.25977786e-21       2.61897598e-21       6.74516010e-22       1.00030288e-22       1.10267300e-21       3.02364909e-22
670.00       2.35091317e-21       2.47892240e-21       6.71543861e-22       9.62829449e-23       1.09705618e-21       2.88656296e-22
680.00       2.42175956e-21       2.34084105e-21       6.68632348e-22       9.28141801e-23       1.09142005e-21       2.76128532e-22
690.00       2.47448360e-21       2.20831371e-21       6.65852101e-22       8.96407511e-23       1.08573971e-21       2.64627627e-22
700.00       2.51290413e-21       2.08069535e-21       6.63112646e-22       8.66494208e-23       1.08003418e-21       2.53894390e-22
710.00       2.53855469e-21       1.95890432e-21       6.60417255e-22       8.38503246e-23       1.07435129e-21       2.43939176e-22
720.00       2.55256661e-21       1.84735509e-21       6.57849339e-22       8.13414616e-23       1.06881138e-21       2.35025662e-22
730.00       2.55606098e-21       1.74785091e-21       6.55473521e-22       7.92213876e-23       1.06357222e-21       2.27404341e-22
740.00       2.55065857e-21       1.65684180e-21       6.53136221e-22       7.74006371e-23       1.05824670e-21       2.20732234e-22
750.00       2.53907757e-21       1.57200971e-21       6.50766540e-22       7.57437953e-23       1.05282868e-21       2.14651430e-22
760.00       2.52407740e-21       1.49512812e-21       6.48522967e-22       7.42468191e-23       1.04758089e-21       2.09112669e-22
770.00       2.50761239e-21       1.42674561e-21       6.46456723e-22       7.29067570e-23       1.04286376e-21       2.04189930e-22
780.00       2.48920292e-21       1.36948307e-21       6.44685093e-22       7.18962057e-23       1.03871163e-21       2.00306135e-22
790.00       2.46702767e-21       1.32801181e-21       6.43265699e-22       7.15322761e-23       1.03532828e-21       1.98395512e-22
800.00       2.46027841e-21       1.29461045e-21       6.42733936e-22       7.08301845e-23       1.03440949e-21       1.95897384e-22
