% Al_l120nm_w50nm_h60nm
% units: lam in nm, alpha in m^3
% lam         Re(alpha_xx)         Im(alpha_xx)         Re(alpha_yy)         Im(alpha_yy)         Re(alpha_zz)         Im(alpha_zz)
300.00      -2.42463000e-22       4.68417867e-22       2.67236739e-22       9.01643405e-22       1.28291305e-22       1.89375244e-22
310.00      -2.82927846e-22       5.12078465e-22       3.46234090e-22       9.18141069e-22       7.71158627e-23       3.08078394e-22
320.00      -3.22012327e-22       5.57238069e-22       4.12908641e-22       9.30440510e-22       7.98887135e-23       4.17044472e-22
330.00      -3.60759229e-22       6.04098990e-22       4.74860493e-22       9.41157597e-22       1.05473814e-22       5.08958262e-22
340.00      -3.99865324e-22       6.53016900e-22       5.35588270e-22       9.49591397e-22       1.42356646e-22       5.88597741e-22
350.00      -4.39564573e-22       7.04454658e-22       5.95963627e-22       9.54291810e-22       1.86911587e-22       6.59380411e-22
360.00      -4.79855496e-22       7.58952851e-22       6.55933900e-22       9.54176875e-22       2.38045425e-22       7.22650927e-22
370.00      -5.20786571e-22       8.16955214e-22       7.14924199e-22       9.48747390e-22       2.95016633e-22       7.78664324e-22
380.00      -5.62405341e-22       8.78796470e-22       7.72215822e-22       9.37990513e-22       3.57069507e-22       8.27310261e-22
390.00      -6.04641651e-22       9.45004289e-22       8.27013057e-22       9.22116800e-22       4.23434843e-22       8.68097867e-22
400.00      -6.47380518e-22       1.01598036e-21       8.78627977e-22       9.01616086e-22       4.93071137e-22       9.00661131e-22
410.00      -6.90447999e-22       1.09223923e-21       9.26427760e-22       8.76992623e-22       5.64646337e-22       9.24549932e-22
420.00      -7.33539210e-22       1.17438138e-21       9.70041041e-22       8.48958060e-22       6.36807392e-22       9.39722765e-22
430.00      -7.76275100e-22       1.26300409e-21       1.00915137e-21       8.18238640e-22       7.08250283e-22       9.46319901e-22
440.00      -8.18099280e-22       1.35840295e-21       1.04357881e-21       7.85743738e-22       7.77454576e-22       9.44969350e-22
450.00      -8.58362339e-22       1.46089500e-21       1.07332465e-21       7.52352825e-22       8.43138155e-22       9.36546440e-22
460.00      -8.96318792e-22       1.57117143e-21       1.09864125e-21       7.18552758e-22       9.04519002e-22       9.21926941e-22
470.00      -9.31638210e-22       1.68983265e-21       1.12009534e-21       6.84908968e-22       9.61322727e-22       9.02172753e-22
480.00      -9.63468276e-22       1.81758407e-21       1.13804401e-21       6.51713962e-22       1.01327309e-21       8.78415099e-22
490.00      -9.91000963e-22       1.95494561e-21       1.15287769e-21       6.19312676e-22       1.06036912e-21       8.51509298e-22
500.00      -1.01265958e-21       2.10241649e-21       1.16482971e-21       5.87902950e-22       1.10241089e-21       8.22247337e-22
510.00      -1.02672887e-21       2.26045284e-21       1.17412659e-21       5.57659470e-22       1.13947301e-21       7.91378541e-22
520.00      -1.03083843e-21       2.42950379e-21       1.18100083e-21       5.28674929e-22       1.17170191e-21       7.59522155e-22
530.00      -1.02329048e-21       2.60942739e-21       1.18583140e-21       5.01012575e-22       1.19944164e-21       7.27237907e-22
540.00      -1.00147762e-21       2.79988071e-21       1.18886099e-21       4.74756816e-22       1.22312944e-21       6.95067362e-22
550.00      -9.63068373e-22       2.99970174e-21       1.19042245e-21       4.49983344e-22       1.24308946e-21       6.63492451e-22
560.00      -9.05343846e-22       3.20707792e-21       1.19070094e-21       4.26723546e-22       1.25972897e-21       6.32883571e-22
570.00      -8.25670068e-22       3.41989551e-21       1.18990945e-21       4.04922154e-22       1.27337791e-21       6.03439947e-22
580.00      -7.21390806e-22       3.63566429e-21       1.18821343e-21       3.84450953e-22       1.28440282e-21       5.75131815e-22
590.00      -5.90486668e-22       3.85056112e-21       1.18579499e-21       3.65303689e-22       1.29321986e-21       5.48174744e-22
600.00      -4.31313449e-22       4.06013138e-21       1.18272541e-21       3.47374559e-22       1.30006898e-21       5.22592724e-22
610.00      -2.43899737e-22       4.25906737e-21       1.17923894e-21       3.30687676e-22       1.30524099e-21       4.98425630e-22
620.00      -2.86353602e-23       4.44189653e-21       1.17534266e-21       3.15107545e-22       1.30900769e-21       4.75660657e-22
630.00       2.12982982e-22       4.60226748e-21       1.17111458e-21       3.00617910e-22       1.31144376e-21       4.54289767e-22
640.00       4.77373656e-22       4.73449192e-21       1.16658952e-21       2.87152692e-22       1.31270101e-21       4.34232815e-22
650.00       7.57343639e-22       4.83522934e-21       1.16200148e-21       2.74664098e-22       1.31321792e-21       4.15596037e-22
660.00       1.04697646e-21       4.90209675e-21       1.15736359e-21       2.63085125e-22       1.31314373e-21       3.98193857e-22
670.00       1.34064785e-21       4.93411315e-21       1.15273668e-21       2.52295293e-22       1.31252181e-21       3.81938972e-22
680.00       1.63234055e-21       4.93011058e-21       1.14805732e-21       2.42268080e-22       1.31143959e-21       3.66815255e-22
690.00       1.91418859e-21       4.89229652e-21       1.14339622e-21       2.33001595e-22       1.30992190e-21       3.52755657e-22
700.00       2.18513915e-21       4.82295374e-21       1.13865972e-21       2.24234120e-22       1.30794188e-21       3.39428093e-22
710.00       2.43936230e-21       4.72557867e-21       1.13394471e-21       2.16031199e-22       1.30559912e-21       3.26886021e-22
720.00       2.66721016e-21       4.60626541e-21       1.12931817e-21       2.08573654e-22       1.30316806e-21       3.15549840e-22
730.00       2.86269532e-21       4.47269310e-21       1.12490085e-21       2.02035202e-22       1.30069531e-21       3.05581203e-22
740.00       3.02959405e-21       4.32552393e-21       1.12045989e-21       1.96221349e-22       1.29791538e-21       2.96702114e-22
750.00       3.17254976e-21       4.16819413e-21       1.11593366e-21       1.90858984e-22       1.29469468e-21       2.88436475e-22
760.00       3.29230516e-21       4.00978330e-21       1.11153196e-21       1.85925333e-22       1.29157243e-21       2.80859529e-22
770.00       3.39086376e-21       3.85790550e-21       1.10750741e-21       1.81436012e-22       1.28874615e-21       2.73990131e-22
780.00       3.46510191e-21       3.71666902e-21       1.10388854e-21       1.77723373e-22       1.28637517e-21       2.68303216e-22
790.00       3.50669179e-21       3.59659452e-21       1.10092502e-21       1.75449406e-22       1.28475781e-21       2.64858156e-22
800.00       3.56189297e-21       3.50841192e-21       1.09973704e-21       1.72678614e-22       1.28569423e-21       2.60817479e-22
