% Al_l110nm_w110nm_h50nm
% units: lam in nm, alpha in m^3
% lam         Re(alpha_xx)         Im(alpha_xx)         Re(alpha_yy)         Im(alpha_yy)         Re(alpha_zz)         Im(alpha_zz)
300.00      -1.48237514e-22       8.25178632e-22      -1.48244827e-22       8.25169984e-22       3.34992669e-22       4.01068515e-22
310.00      -2.17173191e-22       9.03635018e-22      -2.17175139e-22       9.03633907e-22       3.88458571e-22       4.59501220e-22
320.00      -2.63492173e-22       9.95786138e-22      -2.63483978e-22       9.95785539e-22       4.38525313e-22       5.04727137e-22
330.00      -2.95815924e-22       1.08688987e-21      -2.95827382e-22       1.08689979e-21       4.86168845e-22       5.43059699e-22
340.00      -3.22358631e-22       1.17584725e-21      -3.22349076e-22       1.17585550e-21       5.32722524e-22       5.76907338e-22
350.00      -3.46225493e-22       1.26451695e-21      -3.46231115e-22       1.26452382e-21       5.79063799e-22       6.07000304e-22
360.00      -3.68420541e-22       1.35462079e-21      -3.68422820e-22       1.35460755e-21       6.25460490e-22       6.33494327e-22
370.00      -3.89029089e-22       1.44738633e-21      -3.89029120e-22       1.44738877e-21       6.72120436e-22       6.56379082e-22
380.00      -4.08068726e-22       1.54371005e-21      -4.08061485e-22       1.54372360e-21       7.19018166e-22       6.75689548e-22
390.00      -4.25160578e-22       1.64429126e-21      -4.25160602e-22       1.64429050e-21       7.65969324e-22       6.91384520e-22
400.00      -4.39935278e-22       1.74968829e-21      -4.39952794e-22       1.74966564e-21       8.12767872e-22       7.03441737e-22
410.00      -4.51582319e-22       1.86035668e-21      -4.51577628e-22       1.86035501e-21       8.59042726e-22       7.11844126e-22
420.00      -4.59438433e-22       1.97670094e-21      -4.59442198e-22       1.97668803e-21       9.04546839e-22       7.16631036e-22
430.00      -4.62702071e-22       2.09895223e-21      -4.62699704e-22       2.09893645e-21       9.48841171e-22       7.17965433e-22
440.00      -4.60614898e-22       2.22690033e-21      -4.60608329e-22       2.22690025e-21       9.91626238e-22       7.16210911e-22
450.00      -4.52300788e-22       2.36030348e-21      -4.52288284e-22       2.36032352e-21       1.03256733e-21       7.11649497e-22
460.00      -4.36613266e-22       2.49915761e-21      -4.36604004e-22       2.49913304e-21       1.07145298e-21       7.04542799e-22
470.00      -4.12729772e-22       2.64353774e-21      -4.12716259e-22       2.64352675e-21       1.10826028e-21       6.95163147e-22
480.00      -3.79777471e-22       2.79349251e-21      -3.79785922e-22       2.79347647e-21       1.14303544e-21       6.83735803e-22
490.00      -3.36754655e-22       2.94865340e-21      -3.36732526e-22       2.94866039e-21       1.17570806e-21       6.70598930e-22
500.00      -2.81998413e-22       3.10801853e-21      -2.82009460e-22       3.10804344e-21       1.20611635e-21       6.56042658e-22
510.00      -2.13894859e-22       3.27058088e-21      -2.13874848e-22       3.27058501e-21       1.23419320e-21       6.40222063e-22
520.00      -1.31055774e-22       3.43484154e-21      -1.31006284e-22       3.43483624e-21       1.25988678e-21       6.23454630e-22
530.00      -3.22227875e-23       3.59963745e-21      -3.22042031e-23       3.59962532e-21       1.28333918e-21       6.05898515e-22
540.00       8.35230247e-23       3.76234717e-21       8.34645268e-23       3.76236534e-21       1.30456056e-21       5.87865508e-22
550.00       2.16545045e-22       3.92081972e-21       2.16499453e-22       3.92082507e-21       1.32369603e-21       5.69611150e-22
560.00       3.66766548e-22       4.07242498e-21       3.66806217e-22       4.07242987e-21       1.34085875e-21       5.51368151e-22
570.00       5.33960883e-22       4.21423225e-21       5.34065058e-22       4.21419533e-21       1.35621651e-21       5.33259839e-22
580.00       7.17909951e-22       4.34382043e-21       7.17861540e-22       4.34381211e-21       1.36979287e-21       5.15312506e-22
590.00       9.16851112e-22       4.45838337e-21       9.16837580e-22       4.45838849e-21       1.38181931e-21       4.97707145e-22
600.00       1.12923841e-21       4.55528936e-21       1.12920509e-21       4.55530322e-21       1.39238739e-21       4.80495630e-22
610.00       1.35177646e-21       4.63255308e-21       1.35188787e-21       4.63248240e-21       1.40164625e-21       4.63766541e-22
620.00       1.58206591e-21       4.68829799e-21       1.58207039e-21       4.68824095e-21       1.40970143e-21       4.47585200e-22
630.00       1.81670136e-21       4.72062945e-21       1.81664924e-21       4.72063809e-21       1.41659169e-21       4.31968279e-22
640.00       2.05179622e-21       4.72943342e-21       2.05174204e-21       4.72948742e-21       1.42243977e-21       4.17031864e-22
650.00       2.28341808e-21       4.71586824e-21       2.28345295e-21       4.71581029e-21       1.42745084e-21       4.02723093e-22
660.00       2.50831895e-21       4.68210754e-21       2.50830737e-21       4.68210196e-21       1.43180375e-21       3.89106591e-22
670.00       2.72459095e-21       4.62863555e-21       2.72455442e-21       4.62870405e-21       1.43547190e-21       3.76075093e-22
680.00       2.92946279e-21       4.55775790e-21       2.92941660e-21       4.55780297e-21       1.43856204e-21       3.63674313e-22
690.00       3.12050272e-21       4.47116721e-21       3.12045195e-21       4.47121547e-21       1.44108640e-21       3.51953782e-22
700.00       3.29869376e-21       4.37010110e-21       3.29857256e-21       4.37025865e-21       1.44303615e-21       3.40656428e-22
710.00       3.46181832e-21       4.25783604e-21       3.46177015e-21       4.25799787e-21       1.44447405e-21       3.29842539e-22
720.00       3.60662934e-21       4.13917710e-21       3.60668654e-21       4.13908075e-21       1.44553736e-21       3.19797305e-22
730.00       3.73094406e-21       4.01830788e-21       3.73092014e-21       4.01821449e-21       1.44647753e-21       3.10781559e-22
740.00       3.83662879e-21       3.89384738e-21       3.83660926e-21       3.89389759e-21       1.44695835e-21       3.02519328e-22
750.00       3.92704776e-21       3.76632674e-21       3.92700131e-21       3.76632203e-21       1.44695991e-21       2.94748064e-22
760.00       4.00390904e-21       3.64043233e-21       4.00386263e-21       3.64056598e-21       1.44679912e-21       2.87467357e-22
770.00       4.06941268e-21       3.52046925e-21       4.06943385e-21       3.52048170e-21       1.44676460e-21       2.80726766e-22
780.00       4.12141242e-21       3.41025078e-21       4.12135885e-21       3.41029000e-21       1.44694925e-21       2.74878910e-22
790.00       4.15509585e-21       3.31762940e-21       4.15508267e-21       3.31754507e-21       1.44763406e-21       2.70769580e-22
800.00       4.20324428e-21       3.24217129e-21       4.20320180e-21       3.24222751e-21       1.45022078e-21       2.66077570e-22
