% Al_l180nm_w40nm_h50nm
% units: lam in nm, alpha in m^3
% lam         Re(alpha_xx)         Im(alpha_xx)         Re(alpha_yy)         Im(alpha_yy)         Re(alpha_zz)         Im(alpha_zz)
300.00      -3.37961604e-22       8.59292777e-22       6.17924705e-22       9.96559330e-22       5.66973649e-22      -2.28506861e-22
310.00      -1.96041299e-22       9.18120336e-22       7.68601691e-22       9.42061279e-22       5.22933097e-22      -4.05248125e-22
320.00      -7.00377422e-23       8.10465650e-22       8.53923715e-22       8.50150648e-22       3.17739899e-22      -5.24513770e-22
330.00      -1.04761225e-22       6.64803821e-22       8.93312611e-22       7.70592033e-22       7.52864469e-23      -4.42348907e-22
340.00      -2.11110414e-22       6.00700853e-22       9.14191654e-22       7.10239239e-22      -3.24775886e-23      -2.46027425e-22
350.00      -3.15636339e-22       5.94300999e-22       9.28443666e-22       6.63344628e-22      -2.44205317e-23      -6.99596687e-23
360.00      -4.05817778e-22       6.14403027e-22       9.40247608e-22       6.24807888e-22       3.16899798e-23       5.50748613e-23
370.00      -4.84589096e-22       6.46466443e-22       9.50735244e-22       5.91300346e-22       1.00632837e-22       1.40121475e-22
380.00      -5.55912557e-22       6.84547854e-22       9.60328282e-22       5.61145683e-22       1.69487645e-22       1.98397615e-22
390.00      -6.22720080e-22       7.26180848e-22       9.68967769e-22       5.33295019e-22       2.34576966e-22       2.39134717e-22
400.00      -6.86935526e-22       7.70444403e-22       9.76607055e-22       5.07181135e-22       2.94832116e-22       2.67787218e-22
410.00      -7.49838657e-22       8.16990324e-22       9.83191591e-22       4.82483979e-22       3.50341268e-22       2.87834872e-22
420.00      -8.12293418e-22       8.65813636e-22       9.88708102e-22       4.59015948e-22       4.01353188e-22       3.01496338e-22
430.00      -8.74871784e-22       9.17007953e-22       9.93142702e-22       4.36684372e-22       4.48299711e-22       3.10283253e-22
440.00      -9.37838180e-22       9.70591875e-22       9.96587336e-22       4.15566405e-22       4.91452729e-22       3.15357938e-22
450.00      -1.00131693e-21       1.02661585e-21       9.99109121e-22       3.95679584e-22       5.30864792e-22       3.17627628e-22
460.00      -1.06554145e-21       1.08534114e-21       1.00079342e-21       3.76932730e-22       5.67121028e-22       3.17641948e-22
470.00      -1.13088313e-21       1.14706684e-21       1.00174288e-21       3.59147505e-22       6.00461340e-22       3.15896817e-22
480.00      -1.19774067e-21       1.21186397e-21       1.00218195e-21       3.42269617e-22       6.31230163e-22       3.12660708e-22
490.00      -1.26624686e-21       1.27990093e-21       1.00217999e-21       3.26273650e-22       6.59616767e-22       3.08350993e-22
500.00      -1.33636450e-21       1.35160919e-21       1.00170096e-21       3.11101744e-22       6.85788886e-22       3.03178710e-22
510.00      -1.40802532e-21       1.42748276e-21       1.00071166e-21       2.96721981e-22       7.09845597e-22       2.97278911e-22
520.00      -1.48112016e-21       1.50799656e-21       9.99342084e-22       2.83140749e-22       7.31861554e-22       2.90924795e-22
530.00      -1.55577967e-21       1.59357531e-21       9.97573676e-22       2.70273222e-22       7.52113500e-22       2.84090431e-22
540.00      -1.63188878e-21       1.68458139e-21       9.95487690e-22       2.58102751e-22       7.70673747e-22       2.77023068e-22
550.00      -1.70924043e-21       1.78130620e-21       9.93136999e-22       2.46622829e-22       7.87728749e-22       2.69863265e-22
560.00      -1.78756676e-21       1.88403753e-21       9.90609550e-22       2.35845774e-22       8.03399189e-22       2.62645508e-22
570.00      -1.86665041e-21       1.99324051e-21       9.87926996e-22       2.25725741e-22       8.17781016e-22       2.55517684e-22
580.00      -1.94635869e-21       2.10966256e-21       9.85065887e-22       2.16169303e-22       8.30947582e-22       2.48411236e-22
590.00      -2.02629494e-21       2.23378559e-21       9.82117613e-22       2.07183242e-22       8.43066574e-22       2.41478398e-22
600.00      -2.10609680e-21       2.36607149e-21       9.79080718e-22       1.98728890e-22       8.54202116e-22       2.34656648e-22
610.00      -2.18522956e-21       2.50695733e-21       9.75983567e-22       1.90783087e-22       8.64463952e-22       2.28045918e-22
620.00      -2.26323148e-21       2.65682290e-21       9.72864132e-22       1.83311830e-22       8.73906451e-22       2.21622047e-22
630.00      -2.33868912e-21       2.81663906e-21       9.69687912e-22       1.76323508e-22       8.82570545e-22       2.15465142e-22
640.00      -2.41059180e-21       2.98717805e-21       9.66473226e-22       1.69783393e-22       8.90489780e-22       2.09571044e-22
650.00      -2.47856039e-21       3.16733424e-21       9.63319829e-22       1.63684704e-22       8.97857531e-22       2.03971847e-22
660.00      -2.54199655e-21       3.35730338e-21       9.60253523e-22       1.57979469e-22       9.04747717e-22       1.98645359e-22
670.00      -2.59984561e-21       3.55788777e-21       9.57240171e-22       1.52619256e-22       9.11144064e-22       1.93526570e-22
680.00      -2.65021458e-21       3.76958216e-21       9.54271643e-22       1.47601945e-22       9.17101307e-22       1.88682288e-22
690.00      -2.69135935e-21       3.99145477e-21       9.51360222e-22       1.42940920e-22       9.22645076e-22       1.84129125e-22
700.00      -2.72249031e-21       4.22734391e-21       9.48400849e-22       1.38481809e-22       9.27705237e-22       1.79699557e-22
710.00      -2.74145015e-21       4.47579436e-21       9.45477201e-22       1.34278689e-22       9.32353100e-22       1.75439882e-22
720.00      -2.74476073e-21       4.73088110e-21       9.42649789e-22       1.30454497e-22       9.36724403e-22       1.71562251e-22
730.00      -2.72934737e-21       4.98525162e-21       9.40032697e-22       1.27147450e-22       9.40999127e-22       1.68243398e-22
740.00      -2.69036453e-21       5.24301545e-21       9.37379965e-22       1.24221701e-22       9.44849864e-22       1.65394971e-22
750.00      -2.62766008e-21       5.50651601e-21       9.34661050e-22       1.21522856e-22       9.48302863e-22       1.62737563e-22
760.00      -2.54413774e-21       5.76975629e-21       9.32018768e-22       1.19043832e-22       9.51532734e-22       1.60275697e-22
770.00      -2.44503594e-21       6.02556549e-21       9.29614863e-22       1.16782060e-22       9.54802454e-22       1.58035392e-22
780.00      -2.33019659e-21       6.25895777e-21       9.27560356e-22       1.14977875e-22       9.58227827e-22       1.56407668e-22
790.00      -2.19990011e-21       6.44149355e-21       9.25919192e-22       1.14065627e-22       9.61980787e-22       1.55961241e-22
800.00      -2.12445523e-21       6.61715696e-21       9.25486047e-22       1.12733996e-22       9.67139950e-22       1.54872825e-22
