% Al_l180nm_w70nm_h40nm
% units: lam in nm, alpha in m^3
% lam         Re(alpha_xx)         Im(alpha_xx)         Re(alpha_yy)         Im(alpha_yy)         Re(alpha_zz)         Im(alpha_zz)
300.00      -1.75380356e-22       1.16670209e-21       6.59363592e-24       1.27786814e-21      -4.83710307e-23      -5.97143813e-22
310.00      -1.05780447e-23       1.11048472e-21       1.27285724e-23       1.34317450e-21      -1.79956533e-22      -4.26375855e-22
320.00       1.69668228e-23       9.40103670e-22       3.43312098e-24       1.41596759e-21      -1.89533538e-22      -2.38710154e-22
330.00      -8.71243122e-23       8.28091625e-22      -2.44805827e-23       1.51797513e-21      -1.33061363e-22      -9.91258900e-23
340.00      -2.15102509e-22       7.99797220e-22      -4.80333488e-23       1.68313277e-21      -5.81415489e-23      -6.02740866e-24
350.00      -3.28657020e-22       8.16965354e-22       4.47799091e-24       1.91149370e-21       1.63331608e-23       5.59428151e-23
360.00      -4.25737527e-22       8.54867542e-22       1.73147180e-22       2.11326248e-21       8.50252411e-23       9.86654267e-23
370.00      -5.10838521e-22       9.02586194e-22       3.86410220e-22       2.22109037e-21       1.47150026e-22       1.29213475e-22
380.00      -5.88141621e-22       9.55387858e-22       5.80352977e-22       2.26164125e-21       2.03368622e-22       1.51814469e-22
390.00      -6.60628321e-22       1.01153806e-21       7.45546848e-22       2.27263817e-21       2.54462442e-22       1.68890798e-22
400.00      -7.30214521e-22       1.07028260e-21       8.90509527e-22       2.27138964e-21       3.01276791e-22       1.81988204e-22
410.00      -7.98205588e-22       1.13143662e-21       1.02288402e-21       2.26330071e-21       3.44420823e-22       1.92016983e-22
420.00      -8.65501215e-22       1.19507739e-21       1.14727297e-21       2.24935889e-21       3.84373452e-22       1.99591846e-22
430.00      -9.32687374e-22       1.26143980e-21       1.26571357e-21       2.22914880e-21       4.21485323e-22       2.05201250e-22
440.00      -1.00000547e-21       1.33045132e-21       1.37832957e-21       2.20276237e-21       4.56032772e-22       2.09220484e-22
450.00      -1.06764992e-21       1.40225285e-21       1.48493466e-21       2.17028426e-21       4.88282908e-22       2.11874478e-22
460.00      -1.13579928e-21       1.47719418e-21       1.58549983e-21       2.13159801e-21       5.18382040e-22       2.13460217e-22
470.00      -1.20488109e-21       1.55553230e-21       1.68013155e-21       2.08759036e-21       5.46574720e-22       2.14049014e-22
480.00      -1.27533817e-21       1.63737015e-21       1.76897296e-21       2.03908754e-21       5.73060187e-22       2.13790941e-22
490.00      -1.34721654e-21       1.72321826e-21       1.85176611e-21       1.98642748e-21       5.97917525e-22       2.12817176e-22
500.00      -1.42041299e-21       1.81334171e-21       1.92807373e-21       1.93012104e-21       6.21264785e-22       2.11192655e-22
510.00      -1.49481241e-21       1.90826794e-21       1.99762274e-21       1.87079090e-21       6.43130389e-22       2.09060252e-22
520.00      -1.57023011e-21       2.00853325e-21       2.06031290e-21       1.80889576e-21       6.63580719e-22       2.06464275e-22
530.00      -1.64668975e-21       2.11458594e-21       2.11632448e-21       1.74527373e-21       6.82728144e-22       2.03483566e-22
540.00      -1.72407784e-21       2.22678819e-21       2.16580164e-21       1.68075674e-21       7.00641947e-22       2.00207820e-22
550.00      -1.80210404e-21       2.34547049e-21       2.20894937e-21       1.61602216e-21       7.17416340e-22       1.96699141e-22
560.00      -1.88047029e-21       2.47084989e-21       2.24610237e-21       1.55194545e-21       7.33131786e-22       1.93044780e-22
570.00      -1.95886337e-21       2.60344957e-21       2.27768553e-21       1.48902046e-21       7.47841719e-22       1.89270823e-22
580.00      -2.03699096e-21       2.74400925e-21       2.30406818e-21       1.42717498e-21       7.61597036e-22       1.85404760e-22
590.00      -2.11449457e-21       2.89290086e-21       2.32581957e-21       1.36708836e-21       7.74465439e-22       1.81504400e-22
600.00      -2.19083667e-21       3.05059458e-21       2.34339587e-21       1.30900376e-21       7.86529744e-22       1.77579327e-22
610.00      -2.26536560e-21       3.21755043e-21       2.35709362e-21       1.25303604e-21       7.97834772e-22       1.73665497e-22
620.00      -2.33746322e-21       3.39413439e-21       2.36741376e-21       1.19941482e-21       8.08433445e-22       1.69823908e-22
630.00      -2.40580642e-21       3.58102220e-21       2.37450812e-21       1.14816183e-21       8.18330349e-22       1.66028022e-22
640.00      -2.46946067e-21       3.77871198e-21       2.37877683e-21       1.09930495e-21       8.27599357e-22       1.62327550e-22
650.00      -2.52768580e-21       3.98634577e-21       2.38082900e-21       1.05321347e-21       8.36324128e-22       1.58745974e-22
660.00      -2.58015237e-21       4.20391989e-21       2.38115900e-21       1.00973896e-21       8.44579178e-22       1.55272829e-22
670.00      -2.62554403e-21       4.43247585e-21       2.37990125e-21       9.68618898e-22       8.52354106e-22       1.51892438e-22
680.00      -2.66201071e-21       4.67182583e-21       2.37716314e-21       9.29824071e-22       8.59692353e-22       1.48648506e-22
690.00      -2.68781689e-21       4.92136322e-21       2.37310970e-21       8.93392747e-22       8.66604812e-22       1.45530311e-22
700.00      -2.70174983e-21       5.18403138e-21       2.36793138e-21       8.58606923e-22       8.73046111e-22       1.42477282e-22
710.00      -2.70177945e-21       5.45858644e-21       2.36172497e-21       8.25597006e-22       8.79101812e-22       1.39488518e-22
720.00      -2.68541804e-21       5.73910272e-21       2.35472134e-21       7.95149391e-22       8.84870558e-22       1.36741378e-22
730.00      -2.65108907e-21       6.01758914e-21       2.34739082e-21       7.68024169e-22       8.90429873e-22       1.34350003e-22
740.00      -2.59328521e-21       6.29772941e-21       2.33888220e-21       7.43120898e-22       8.95635129e-22       1.32223828e-22
750.00      -2.51087130e-21       6.58231427e-21       2.32946904e-21       7.19695517e-22       9.00427488e-22       1.30211088e-22
760.00      -2.40782495e-21       6.86580398e-21       2.32003698e-21       6.97999271e-22       9.05014820e-22       1.28354756e-22
770.00      -2.28959139e-21       7.14257741e-21       2.31104888e-21       6.78057101e-22       9.09501176e-22       1.26629582e-22
780.00      -2.15788640e-21       7.39831938e-21       2.30268501e-21       6.61018601e-22       9.14036983e-22       1.25257891e-22
790.00      -2.01700442e-21       7.60554712e-21       2.29510169e-21       6.49073725e-22       9.18735308e-22       1.24651642e-22
800.00      -1.92666655e-21       7.81697970e-21       2.29325888e-21       6.37065520e-22       9.24281188e-22       1.23572069e-22
