% Al_l120nm_w90nm_h40nm
% units: lam in nm, alpha in m^3
% lam         Re(alpha_xx)         Im(alpha_xx)         Re(alpha_yy)         Im(alpha_yy)         Re(alpha_zz)         Im(alpha_zz)
300.00      -2.65620658e-22       6.45861051e-22      -1.93955770e-22       8.09225142e-22       2.18082997e-22       2.18473226e-22
310.00      -3.17386778e-22       7.04680748e-22      -2.78891905e-22       8.70604663e-22       2.71178806e-22       2.61716952e-22
320.00      -3.62278807e-22       7.64868686e-22      -3.34956637e-22       9.81594987e-22       3.19212612e-22       2.91790858e-22
330.00      -4.03843782e-22       8.25903870e-22      -3.54617795e-22       1.09551180e-21       3.63226823e-22       3.14287110e-22
340.00      -4.44077062e-22       8.88367648e-22      -3.59198505e-22       1.20093438e-21       4.04366919e-22       3.31647258e-22
350.00      -4.83670510e-22       9.52957192e-22      -3.57822265e-22       1.30186421e-21       4.43315757e-22       3.44938981e-22
360.00      -5.22963841e-22       1.02038553e-21      -3.52544391e-22       1.40228959e-21       4.80401227e-22       3.54720485e-22
370.00      -5.62071983e-22       1.09129322e-21      -3.43148565e-22       1.50451832e-21       5.15722880e-22       3.61367774e-22
380.00      -6.01134140e-22       1.16609819e-21      -3.29052882e-22       1.60980640e-21       5.49323071e-22       3.65255377e-22
390.00      -6.39992172e-22       1.24542715e-21      -3.08960651e-22       1.71880483e-21       5.81180050e-22       3.66606916e-22
400.00      -6.78521424e-22       1.32969636e-21      -2.81766039e-22       1.83166327e-21       6.11224686e-22       3.65735983e-22
410.00      -7.16464766e-22       1.41949904e-21      -2.46137649e-22       1.94816665e-21       6.39431120e-22       3.62918109e-22
420.00      -7.53404019e-22       1.51534901e-21      -2.00665442e-22       2.06780484e-21       6.65765224e-22       3.58384353e-22
430.00      -7.88870590e-22       1.61776270e-21      -1.43991061e-22       2.18957586e-21       6.90170816e-22       3.52403331e-22
440.00      -8.22293128e-22       1.72695432e-21      -7.52144667e-23       2.31190693e-21       7.12680774e-22       3.45358490e-22
450.00      -8.52923831e-22       1.84305554e-21       6.34765226e-24       2.43278076e-21       7.33336104e-22       3.37451868e-22
460.00      -8.79889440e-22       1.96660062e-21       1.01476500e-22       2.55043171e-21       7.52158224e-22       3.28916006e-22
470.00      -9.02720064e-22       2.09815311e-21       2.10421377e-22       2.66325949e-21       7.69368300e-22       3.19881685e-22
480.00      -9.20696804e-22       2.23825123e-21       3.33217907e-22       2.76945793e-21       7.85057955e-22       3.10460752e-22
490.00      -9.32998531e-22       2.38720234e-21       4.69161994e-22       2.86690704e-21       7.99366215e-22       3.00820152e-22
500.00      -9.37915834e-22       2.54523165e-21       6.17780258e-22       2.95273746e-21       8.12334958e-22       2.91032287e-22
510.00      -9.33836702e-22       2.71257740e-21       7.77603141e-22       3.02457173e-21       8.23970526e-22       2.81209026e-22
520.00      -9.18300520e-22       2.88899336e-21       9.46747385e-22       3.07943516e-21       8.34366536e-22       2.71472800e-22
530.00      -8.89675710e-22       3.07418689e-21       1.12269378e-21       3.11594280e-21       8.43631655e-22       2.61818115e-22
540.00      -8.46108766e-22       3.26732109e-21       1.30205939e-21       3.13328466e-21       8.51888378e-22       2.52363114e-22
550.00      -7.85403873e-22       3.46687423e-21       1.48148033e-21       3.13083226e-21       8.59203535e-22       2.43142978e-22
560.00      -7.05525050e-22       3.67095254e-21       1.65732085e-21       3.10919620e-21       8.65707996e-22       2.34248203e-22
570.00      -6.04846535e-22       3.87714939e-21       1.82652441e-21       3.06962644e-21       8.71442708e-22       2.25668265e-22
580.00      -4.81251002e-22       4.08311113e-21       1.98691270e-21       3.01350594e-21       8.76484239e-22       2.17392761e-22
590.00      -3.33217552e-22       4.28545001e-21       2.13629253e-21       2.94307392e-21       8.80898012e-22       2.09440942e-22
600.00      -1.60732972e-22       4.48006121e-21       2.27296468e-21       2.86090211e-21       8.84786341e-22       2.01835258e-22
610.00       3.61987254e-23       4.66278018e-21       2.39602032e-21       2.76954752e-21       8.88179418e-22       1.94583446e-22
620.00       2.56911709e-22       4.82897594e-21       2.50494775e-21       2.67136674e-21       8.91115090e-22       1.87674302e-22
630.00       4.99351949e-22       4.97374961e-21       2.59963258e-21       2.56841076e-21       8.93670085e-22       1.81119225e-22
640.00       7.59869595e-22       5.09263050e-21       2.68026816e-21       2.46327980e-21       8.95807556e-22       1.74928174e-22
650.00       1.03333467e-21       5.18340370e-21       2.74810588e-21       2.35819171e-21       8.97701120e-22       1.69074586e-22
660.00       1.31383775e-21       5.24486160e-21       2.80448064e-21       2.25503730e-21       8.99374728e-22       1.63541927e-22
670.00       1.59857037e-21       5.27543412e-21       2.85040806e-21       2.15393979e-21       9.00806447e-22       1.58300339e-22
680.00       1.88100564e-21       5.27518071e-21       2.88688146e-21       2.05632506e-21       9.02062614e-22       1.53360481e-22
690.00       2.15639097e-21       5.24436036e-21       2.91463882e-21       1.96253311e-21       9.03109295e-22       1.48721664e-22
700.00       2.42316753e-21       5.18530060e-21       2.93532750e-21       1.87198161e-21       9.03943288e-22       1.44284697e-22
710.00       2.67677654e-21       5.09983319e-21       2.94949427e-21       1.78515938e-21       9.04581267e-22       1.40045344e-22
720.00       2.90792004e-21       4.99357985e-21       2.95766828e-21       1.70441874e-21       9.05146254e-22       1.36186018e-22
730.00       3.11023546e-21       4.87284760e-21       2.96033368e-21       1.63126771e-21       9.05728714e-22       1.32792014e-22
740.00       3.28715608e-21       4.73714796e-21       2.95762475e-21       1.56345799e-21       9.06118441e-22       1.29744889e-22
750.00       3.44247013e-21       4.58964460e-21       2.95070426e-21       1.49926005e-21       9.06300940e-22       1.26922028e-22
760.00       3.57628514e-21       4.43899012e-21       2.94161721e-21       1.43988670e-21       9.06454371e-22       1.24309206e-22
770.00       3.69033747e-21       4.29133844e-21       2.93169871e-21       1.38570451e-21       9.06695606e-22       1.21891095e-22
780.00       3.77972142e-21       4.15353710e-21       2.92075368e-21       1.33905415e-21       9.07124197e-22       1.19903014e-22
790.00       3.83554336e-21       4.03407960e-21       2.90790981e-21       1.30385966e-21       9.07868446e-22       1.18754318e-22
800.00       3.90439110e-21       3.94668378e-21       2.90649973e-21       1.27263576e-21       9.09573270e-22       1.17163999e-22
