% Al_l160nm_w100nm_h40nm
% units: lam in nm, alpha in m^3
% lam         Re(alpha_xx)         Im(alpha_xx)         Re(alpha_yy)         Im(alpha_yy)         Re(alpha_zz)         Im(alpha_zz)
300.00       1.06650551e-22       9.67355133e-22      -1.40486546e-22       1.26058436e-21      -1.44611930e-22      -3.47729142e-22
310.00      -8.88746522e-24       9.18008274e-22      -1.47788767e-22       1.32616030e-21      -1.08679544e-22      -1.45900184e-22
320.00      -1.30612110e-22       9.25715802e-22      -1.58591032e-22       1.38386337e-21      -2.43344600e-23      -1.56624288e-23
330.00      -2.37674224e-22       9.67877097e-22      -1.82867644e-22       1.43373174e-21       6.27031683e-23       6.57945307e-23
340.00      -3.28701447e-22       1.02664219e-21      -2.35972547e-22       1.48606175e-21       1.41275391e-22       1.19905285e-22
350.00      -4.07748578e-22       1.09324980e-21      -3.22565190e-22       1.57390435e-21       2.10903637e-22       1.58544375e-22
360.00      -4.78696274e-22       1.16396185e-21      -4.01620458e-22       1.72814161e-21       2.73045083e-22       1.87795183e-22
370.00      -5.44361668e-22       1.23732011e-21      -4.23553505e-22       1.91776536e-21       3.29239686e-22       2.10920656e-22
380.00      -6.06826271e-22       1.31304004e-21      -3.97082491e-22       2.09598313e-21       3.80768849e-22       2.29673636e-22
390.00      -6.67334308e-22       1.39108592e-21      -3.49820310e-22       2.25287054e-21       4.28494630e-22       2.45112883e-22
400.00      -7.26770480e-22       1.47167462e-21      -2.95483055e-22       2.39566152e-21       4.73075271e-22       2.57843190e-22
410.00      -7.85678808e-22       1.55515123e-21      -2.37263519e-22       2.53129948e-21       5.14982628e-22       2.68246477e-22
420.00      -8.44425594e-22       1.64195094e-21      -1.74728376e-22       2.66396635e-21       5.54523087e-22       2.76611356e-22
430.00      -9.03191542e-22       1.73243732e-21      -1.06454426e-22       2.79545765e-21       5.91892919e-22       2.83118453e-22
440.00      -9.61990404e-22       1.82671066e-21      -3.15157251e-23       2.92606421e-21       6.27273668e-22       2.88017614e-22
450.00      -1.02077389e-21       1.92485603e-21       5.11147797e-23       3.05526686e-21       6.60733755e-22       2.91537632e-22
460.00      -1.07945804e-21       2.02742610e-21       1.42663292e-22       3.18261328e-21       6.92412564e-22       2.93743255e-22
470.00      -1.13835279e-21       2.13474082e-21       2.43480179e-22       3.30792780e-21       7.22392088e-22       2.94815342e-22
480.00      -1.19756754e-21       2.24746453e-21       3.54660370e-22       3.43074873e-21       7.50824702e-22       2.94788417e-22
490.00      -1.25709201e-21       2.36586461e-21       4.76124562e-22       3.54985623e-21       7.77782018e-22       2.93793236e-22
500.00      -1.31656586e-21       2.49037320e-21       6.08619147e-22       3.66355036e-21       8.03270181e-22       2.91940610e-22
510.00      -1.37540210e-21       2.62159979e-21       7.52189939e-22       3.76992536e-21       8.27273273e-22       2.89341895e-22
520.00      -1.43313221e-21       2.76008494e-21       9.06645286e-22       3.86700249e-21       8.49842638e-22       2.86078972e-22
530.00      -1.48933794e-21       2.90657326e-21       1.07148374e-21       3.95328121e-21       8.71047647e-22       2.82239103e-22
540.00      -1.54368127e-21       3.06113070e-21       1.24531869e-21       4.02720876e-21       8.90932615e-22       2.77901762e-22
550.00      -1.59544542e-21       3.22425223e-21       1.42642352e-21       4.08730233e-21       9.09572057e-22       2.73217425e-22
560.00      -1.64403941e-21       3.39600747e-21       1.61268158e-21       4.13249653e-21       9.27031946e-22       2.68240447e-22
570.00      -1.68854503e-21       3.57693251e-21       1.80255572e-21       4.16169991e-21       9.43358909e-22       2.63059861e-22
580.00      -1.72829645e-21       3.76746648e-21       1.99389591e-21       4.17487666e-21       9.58630975e-22       2.57697400e-22
590.00      -1.76207670e-21       3.96811070e-21       2.18469813e-21       4.17148789e-21       9.72891691e-22       2.52227782e-22
600.00      -1.78893659e-21       4.17882450e-21       2.37254566e-21       4.15212231e-21       9.86209794e-22       2.46700355e-22
610.00      -1.80769715e-21       4.39970037e-21       2.55548051e-21       4.11751311e-21       9.98642005e-22       2.41158034e-22
620.00      -1.81697271e-21       4.63077643e-21       2.73156059e-21       4.06849774e-21       1.01025965e-21       2.35637153e-22
630.00      -1.81510410e-21       4.87185730e-21       2.89911394e-21       4.00628988e-21       1.02106457e-21       2.30182086e-22
640.00      -1.79942103e-21       5.12240158e-21       3.05628495e-21       3.93162051e-21       1.03109815e-21       2.24815193e-22
650.00      -1.77042218e-21       5.38072196e-21       3.20208777e-21       3.84857199e-21       1.04051460e-21       2.19580078e-22
660.00      -1.72686815e-21       5.64637393e-21       3.33652218e-21       3.75804225e-21       1.04934403e-21       2.14496526e-22
670.00      -1.66656844e-21       5.91931135e-21       3.45950774e-21       3.66188684e-21       1.05762167e-21       2.09515097e-22
680.00      -1.58828279e-21       6.19699194e-21       3.57064022e-21       3.56112403e-21       1.06539391e-21       2.04704376e-22
690.00      -1.48962812e-21       6.47780277e-21       3.66975764e-21       3.45726052e-21       1.07265523e-21       2.00063909e-22
700.00      -1.36800655e-21       6.76270758e-21       3.75842961e-21       3.35021634e-21       1.07937026e-21       1.95485526e-22
710.00      -1.22225142e-21       7.04836374e-21       3.83652168e-21       3.24160014e-21       1.08563221e-21       1.91044567e-22
720.00      -1.05437067e-21       7.32674883e-21       3.90298703e-21       3.13519131e-21       1.09153883e-21       1.86881533e-22
730.00      -8.67768829e-22       7.58914214e-21       3.95743566e-21       3.03392050e-21       1.09721308e-21       1.83163960e-22
740.00      -6.57006808e-22       7.83493457e-21       4.00074607e-21       2.93522974e-21       1.10246253e-21       1.79782197e-22
750.00      -4.19920138e-22       8.06529619e-21       4.03511691e-21       2.83783640e-21       1.10722658e-21       1.76571801e-22
760.00      -1.64719172e-22       8.27776489e-21       4.06261228e-21       2.74435029e-21       1.11175270e-21       1.73541668e-22
770.00       9.98928720e-23       8.47097073e-21       4.08533788e-21       2.65708499e-21       1.11620909e-21       1.70695708e-22
780.00       3.62627636e-22       8.63486361e-21       4.10203114e-21       2.57910801e-21       1.12068494e-21       1.68293599e-22
790.00       6.01533510e-22       8.75118377e-21       4.11010615e-21       2.51714631e-21       1.12537304e-21       1.66821566e-22
800.00       8.04860046e-22       8.90006332e-21       4.13273068e-21       2.46446201e-21       1.13103954e-21       1.64816469e-22
