% Al_l130nm_w80nm_h60nm
% units: lam in nm, alpha in m^3
% lam         Re(alpha_xx)         Im(alpha_xx)         Re(alpha_yy)         Im(alpha_yy)         Re(alpha_zz)         Im(alpha_zz)
300.00      -1.29980570e-22       6.87753337e-22      -3.31244536e-23       9.29102313e-22       2.83041358e-22      -2.47124336e-23
310.00      -1.82194313e-22       7.52351076e-22      -8.19641223e-23       1.06510382e-21       1.91514309e-22       1.39713606e-22
320.00      -2.28990608e-22       8.17971218e-22      -6.56977359e-23       1.21664776e-21       1.97164141e-22       2.90312717e-22
330.00      -2.72881614e-22       8.84558780e-22      -1.63122140e-23       1.33614798e-21       2.37274247e-22       4.04383570e-22
340.00      -3.15467033e-22       9.52486165e-22       3.47040376e-23       1.43277181e-21       2.87092248e-22       4.94003633e-22
350.00      -3.57392559e-22       1.02229895e-21       8.25518595e-23       1.52034092e-21       3.39999935e-22       5.68549508e-22
360.00      -3.98946667e-22       1.09451052e-21       1.29599218e-22       1.60527300e-21       3.94450802e-22       6.33147130e-22
370.00      -4.40318963e-22       1.16965835e-21       1.78591602e-22       1.68978109e-21       4.50364365e-22       6.90364170e-22
380.00      -4.81665180e-22       1.24812468e-21       2.31335248e-22       1.77454371e-21       5.07751082e-22       7.41501465e-22
390.00      -5.23037320e-22       1.33033758e-21       2.89314070e-22       1.85942857e-21       5.66730859e-22       7.87152784e-22
400.00      -5.64431108e-22       1.41670483e-21       3.53519119e-22       1.94384428e-21       6.27324785e-22       8.27565477e-22
410.00      -6.05499886e-22       1.50773482e-21       4.24989050e-22       2.02679060e-21       6.89282010e-22       8.62578165e-22
420.00      -6.46131500e-22       1.60386050e-21       5.04183310e-22       2.10722062e-21       7.52228679e-22       8.92216608e-22
430.00      -6.85941689e-22       1.70553831e-21       5.91466450e-22       2.18384293e-21       8.15822201e-22       9.16299324e-22
440.00      -7.24684685e-22       1.81286235e-21       6.86203024e-22       2.25537342e-21       8.79353160e-22       9.35062249e-22
450.00      -7.61872948e-22       1.92602331e-21       7.87984424e-22       2.32040718e-21       9.42240155e-22       9.48612015e-22
460.00      -7.96922560e-22       2.04549926e-21       8.96242838e-22       2.37769254e-21       1.00393632e-21       9.57101194e-22
470.00      -8.29616444e-22       2.17188109e-21       1.01035422e-21       2.42658921e-21       1.06417503e-21       9.60748414e-22
480.00      -8.59595640e-22       2.30566870e-21       1.12955227e-21       2.46645739e-21       1.12274386e-21       9.59944689e-22
490.00      -8.86326579e-22       2.44726606e-21       1.25267760e-21       2.49657037e-21       1.17921353e-21       9.55088040e-22
500.00      -9.08800535e-22       2.59708853e-21       1.37839675e-21       2.51604315e-21       1.23318977e-21       9.46427269e-22
510.00      -9.25631898e-22       2.75536624e-21       1.50515150e-21       2.52414246e-21       1.28429236e-21       9.34316084e-22
520.00      -9.35650040e-22       2.92246542e-21       1.63138447e-21       2.52059036e-21       1.33220639e-21       9.19115420e-22
530.00      -9.37667899e-22       3.09876443e-21       1.75585905e-21       2.50570757e-21       1.37696627e-21       9.01312246e-22
540.00      -9.30084060e-22       3.28385999e-21       1.87659364e-21       2.47990535e-21       1.41837939e-21       8.81342973e-22
550.00      -9.11602184e-22       3.47753976e-21       1.99227039e-21       2.44422321e-21       1.45644542e-21       8.59818323e-22
560.00      -8.80612624e-22       3.67904253e-21       2.10159722e-21       2.39969257e-21       1.49125740e-21       8.37094415e-22
570.00      -8.35483768e-22       3.88765982e-21       2.20364280e-21       2.34761959e-21       1.52289850e-21       8.13568176e-22
580.00      -7.74246652e-22       4.10258041e-21       2.29800920e-21       2.28890772e-21       1.55148504e-21       7.89433077e-22
590.00      -6.95180324e-22       4.32256227e-21       2.38426091e-21       2.22494448e-21       1.57723497e-21       7.65061357e-22
600.00      -5.96627397e-22       4.54554240e-21       2.46215099e-21       2.15695355e-21       1.60028274e-21       7.40649586e-22
610.00      -4.77255572e-22       4.76930601e-21       2.53168775e-21       2.08610834e-21       1.62084442e-21       7.16506719e-22
620.00      -3.36265848e-22       4.99111640e-21       2.59312279e-21       2.01399045e-21       1.63909371e-21       6.92646366e-22
630.00      -1.71431673e-22       5.20764738e-21       2.64643207e-21       1.94066461e-21       1.65509282e-21       6.69355843e-22
640.00       1.69189800e-23       5.41509580e-21       2.69210702e-21       1.86754808e-21       1.66906336e-21       6.46710002e-22
650.00       2.26890836e-22       5.61022487e-21       2.73095182e-21       1.79577916e-21       1.68135907e-21       6.24896947e-22
660.00       4.57261966e-22       5.79021617e-21       2.76378511e-21       1.72569351e-21       1.69219812e-21       6.03941939e-22
670.00       7.06685354e-22       5.95198427e-21       2.79116618e-21       1.65765179e-21       1.70167222e-21       5.83764078e-22
680.00       9.73281437e-22       6.09153382e-21       2.81322842e-21       1.59163011e-21       1.70989257e-21       5.64455701e-22
690.00       1.25330663e-21       6.20582081e-21       2.83071634e-21       1.52843296e-21       1.71694124e-21       5.46069064e-22
700.00       1.54641433e-21       6.29345855e-21       2.84405931e-21       1.46711645e-21       1.72282377e-21       5.28244039e-22
710.00       1.84731888e-21       6.35244272e-21       2.85371760e-21       1.40825842e-21       1.72774214e-21       5.11134168e-22
720.00       2.14723959e-21       6.38079337e-21       2.85993823e-21       1.35288066e-21       1.73186064e-21       4.95187971e-22
730.00       2.43491335e-21       6.38004616e-21       2.86320184e-21       1.30240720e-21       1.73546162e-21       4.80829285e-22
740.00       2.71185466e-21       6.34871653e-21       2.86329205e-21       1.25539141e-21       1.73815997e-21       4.67642952e-22
750.00       2.97921949e-21       6.28927222e-21       2.86059389e-21       1.21062790e-21       1.73995111e-21       4.55094764e-22
760.00       3.23129959e-21       6.20899271e-21       2.85642081e-21       1.16867626e-21       1.74135087e-21       4.43371566e-22
770.00       3.46444721e-21       6.11572433e-21       2.85174850e-21       1.12986186e-21       1.74275953e-21       4.32436476e-22
780.00       3.66973954e-21       6.01454219e-21       2.84678657e-21       1.09585228e-21       1.74440643e-21       4.23043518e-22
790.00       3.83125304e-21       5.91280787e-21       2.84127799e-21       1.06951857e-21       1.74646042e-21       4.16310216e-22
800.00       3.99446882e-21       5.84519384e-21       2.84337198e-21       1.04448905e-21       1.75140820e-21       4.08973134e-22
