% Al_l180nm_w110nm_h60nm
% units: lam in nm, alpha in m^3
% lam         Re(alpha_xx)         Im(alpha_xx)         Re(alpha_yy)         Im(alpha_yy)         Re(alpha_zz)         Im(alpha_zz)
300.00       5.23058909e-22       1.49935322e-21       2.25274834e-22       1.46712538e-21       8.18547899e-22      -6.96554632e-22
310.00       4.91726148e-22       1.39731308e-21       2.11617482e-22       1.56386017e-21       7.40946986e-22      -8.69501025e-22
320.00       3.97948628e-22       1.33788065e-21       1.97619788e-22       1.65666681e-21       5.34692968e-22      -9.94771412e-22
330.00       2.75633946e-22       1.32541257e-21       1.79622285e-22       1.74645676e-21       2.42232394e-22      -9.59192145e-22
340.00       1.47473203e-22       1.35537217e-21       1.52751453e-22       1.83544893e-21       1.64259552e-23      -7.38783412e-22
350.00       2.73967109e-23       1.41648360e-21       1.10848768e-22       1.92944752e-21      -5.37783896e-23      -4.54439522e-22
360.00      -8.00810157e-23       1.49715563e-21       5.01973127e-23       2.04306819e-21      -1.04725526e-23      -2.08127258e-22
370.00      -1.75521155e-22       1.58904163e-21      -1.79539022e-23       2.19853020e-21       8.19028980e-23      -2.25046218e-23
380.00      -2.61495490e-22       1.68721041e-21      -5.77773385e-23       2.40346080e-21       1.87056625e-22       1.15012424e-22
390.00      -3.40525561e-22       1.78926100e-21      -3.91352688e-23       2.62576004e-21       2.90745932e-22       2.20133965e-22
400.00      -4.14721986e-22       1.89414625e-21       2.60987091e-23       2.82613712e-21       3.88874825e-22       3.04104479e-22
410.00      -4.85564813e-22       2.00149833e-21       1.08872124e-22       2.99572820e-21       4.81006906e-22       3.73972115e-22
420.00      -5.54145416e-22       2.11137143e-21       1.93060823e-22       3.14417878e-21       5.67785719e-22       4.33996741e-22
430.00      -6.21193330e-22       2.22380731e-21       2.74642682e-22       3.28149389e-21       6.50270465e-22       4.86733899e-22
440.00      -6.87193246e-22       2.33918887e-21       3.54482221e-22       3.41381859e-21       7.29089718e-22       5.33721272e-22
450.00      -7.52424414e-22       2.45734059e-21       4.34240141e-22       3.54383409e-21       8.04855036e-22       5.76028368e-22
460.00      -8.17097777e-22       2.57873224e-21       5.16091286e-22       3.67300990e-21       8.78181026e-22       6.14224956e-22
470.00      -8.81588971e-22       2.70381734e-21       6.01672254e-22       3.80232276e-21       9.49456704e-22       6.48765822e-22
480.00      -9.46292832e-22       2.83313051e-21       6.92416904e-22       3.93220186e-21       1.01907511e-21       6.79878820e-22
490.00      -1.01126062e-21       2.96692305e-21       7.89117301e-22       4.06238383e-21       1.08729267e-21       7.07751194e-22
500.00      -1.07631527e-21       3.10565643e-21       8.92838638e-22       4.19188259e-21       1.15412640e-21       7.32378687e-22
510.00      -1.14109303e-21       3.24960687e-21       1.00447490e-21       4.31979276e-21       1.21942367e-21       7.53895896e-22
520.00      -1.20521413e-21       3.39926241e-21       1.12459065e-21       4.44481989e-21       1.28319419e-21       7.72336520e-22
530.00      -1.26881412e-21       3.55503439e-21       1.25349217e-21       4.56654587e-21       1.34546638e-21       7.87743277e-22
540.00      -1.33120024e-21       3.71739321e-21       1.39152138e-21       4.68349911e-21       1.40609058e-21       8.00263589e-22
550.00      -1.39235652e-21       3.88645734e-21       1.53824940e-21       4.79473285e-21       1.46503447e-21       8.10054254e-22
560.00      -1.45185866e-21       4.06235901e-21       1.69318541e-21       4.89909987e-21       1.52211540e-21       8.17423723e-22
570.00      -1.50935558e-21       4.24531586e-21       1.85578594e-21       4.99560683e-21       1.57734280e-21       8.22403374e-22
580.00      -1.56433266e-21       4.43607813e-21       2.02603741e-21       5.08326020e-21       1.63061383e-21       8.25109615e-22
590.00      -1.61632512e-21       4.63479070e-21       2.20300512e-21       5.16108330e-21       1.68192415e-21       8.25774293e-22
600.00      -1.66474802e-21       4.84174651e-21       2.38582394e-21       5.22808745e-21       1.73121616e-21       8.24476079e-22
610.00      -1.70910143e-21       5.05706278e-21       2.57312402e-21       5.28388738e-21       1.77848230e-21       8.21557309e-22
620.00      -1.74873653e-21       5.28085852e-21       2.76391070e-21       5.32757622e-21       1.82371693e-21       8.17114632e-22
630.00      -1.78221304e-21       5.51331465e-21       2.95677416e-21       5.35845398e-21       1.86676942e-21       8.11316457e-22
640.00      -1.80868527e-21       5.75439676e-21       3.15026048e-21       5.37591259e-21       1.90771493e-21       8.04330265e-22
650.00      -1.82838770e-21       6.00357662e-21       3.34274590e-21       5.38133810e-21       1.94669169e-21       7.96485628e-22
660.00      -1.84092480e-21       6.26106744e-21       3.53302339e-21       5.37533202e-21       1.98387942e-21       7.87828846e-22
670.00      -1.84476401e-21       6.52692128e-21       3.72035413e-21       5.35761620e-21       2.01920991e-21       7.78479232e-22
680.00      -1.83883968e-21       6.80078574e-21       3.90320400e-21       5.32864435e-21       2.05275708e-21       7.68557867e-22
690.00      -1.82202474e-21       7.08181273e-21       4.08026288e-21       5.28892621e-21       2.08443255e-21       7.58231492e-22
700.00      -1.79184417e-21       7.37215977e-21       4.25245452e-21       5.23770207e-21       2.11434633e-21       7.47262052e-22
710.00      -1.74813174e-21       7.67091650e-21       4.41835452e-21       5.17663620e-21       2.14251107e-21       7.35829435e-22
720.00      -1.69032656e-21       7.97226885e-21       4.57403326e-21       5.10846809e-21       2.16911727e-21       7.24603876e-22
730.00      -1.62025488e-21       8.27084459e-21       4.71722373e-21       5.03622225e-21       2.19432159e-21       7.14177803e-22
740.00      -1.53193501e-21       8.56809014e-21       4.84859855e-21       4.95771777e-21       2.21773050e-21       7.04112435e-22
750.00      -1.42357451e-21       8.86580199e-21       4.97025122e-21       4.87226300e-21       2.23946377e-21       6.93983580e-22
760.00      -1.29884906e-21       9.16274884e-21       5.08279220e-21       4.78397959e-21       2.25996548e-21       6.84078664e-22
770.00      -1.16294423e-21       9.45657539e-21       5.18726024e-21       4.69626026e-21       2.27984988e-21       6.74490672e-22
780.00      -1.02086821e-21       9.73784082e-21       5.28063652e-21       4.61350390e-21       2.29920386e-21       6.66113354e-22
790.00      -8.82804501e-22       9.98716126e-21       5.35669899e-21       4.54272522e-21       2.31830197e-21       6.60465082e-22
800.00      -7.74947231e-22       1.02607507e-20       5.44661502e-21       4.48613337e-21       2.34041958e-21       6.53859676e-22
