% Al_l120nm_w40nm_h40nm
% units: lam in nm, alpha in m^3
% lam         Re(alpha_xx)         Im(alpha_xx)         Re(alpha_yy)         Im(alpha_yy)         Re(alpha_zz)         Im(alpha_zz)
300.00      -2.78160666e-22       2.93980599e-22       3.56958773e-22       7.56181119e-22       1.18853353e-22       2.23010697e-22
310.00      -3.16207188e-22       3.19572685e-22       4.30898942e-22       7.26035380e-22       1.65054231e-22       2.69267723e-22
320.00      -3.52740799e-22       3.46773524e-22       4.90048696e-22       6.92679870e-22       2.12292781e-22       2.95725913e-22
330.00      -3.88942677e-22       3.75469655e-22       5.39243361e-22       6.57639317e-22       2.56877367e-22       3.09685031e-22
340.00      -4.25614497e-22       4.05724418e-22       5.80638706e-22       6.21627013e-22       2.97747325e-22       3.15129422e-22
350.00      -4.63100968e-22       4.37916586e-22       6.15038902e-22       5.84756595e-22       3.34696971e-22       3.14423910e-22
360.00      -5.01633589e-22       4.72424756e-22       6.42990138e-22       5.47598138e-22       3.67628995e-22       3.09138743e-22
370.00      -5.41368360e-22       5.09634921e-22       6.65049238e-22       5.10860285e-22       3.96458287e-22       3.00602093e-22
380.00      -5.82446754e-22       5.49865668e-22       6.81940179e-22       4.75140378e-22       4.21479104e-22       2.89833792e-22
390.00      -6.24950053e-22       5.93448917e-22       6.94397700e-22       4.41079694e-22       4.42937180e-22       2.77655773e-22
400.00      -6.68920641e-22       6.40825879e-22       7.03080396e-22       4.08882830e-22       4.61199428e-22       2.64737546e-22
410.00      -7.14320900e-22       6.92458142e-22       7.08573038e-22       3.78761920e-22       4.76576000e-22       2.51511491e-22
420.00      -7.61117721e-22       7.48944625e-22       7.11481205e-22       3.50750595e-22       4.89447295e-22       2.38305994e-22
430.00      -8.09188765e-22       8.10816966e-22       7.12280148e-22       3.24891274e-22       5.00124396e-22       2.25355608e-22
440.00      -8.58077436e-22       8.78616763e-22       7.11393370e-22       3.01238346e-22       5.08901583e-22       2.12989444e-22
450.00      -9.07331086e-22       9.52765134e-22       7.09208892e-22       2.79774986e-22       5.16099136e-22       2.01306543e-22
460.00      -9.56497851e-22       1.03406682e-21       7.06025159e-22       2.60266588e-22       5.21901127e-22       1.90320204e-22
470.00      -1.00540951e-21       1.12321656e-21       7.02188762e-22       2.42524066e-22       5.26656871e-22       1.80019759e-22
480.00      -1.05385201e-21       1.22089652e-21       6.97951384e-22       2.26301596e-22       5.30531883e-22       1.70332337e-22
490.00      -1.10112689e-21       1.32801207e-21       6.93472416e-22       2.11504004e-22       5.33713183e-22       1.61257262e-22
500.00      -1.14610674e-21       1.44550869e-21       6.88737166e-22       1.97949954e-22       5.36274831e-22       1.52785737e-22
510.00      -1.18733127e-21       1.57448202e-21       6.83910657e-22       1.85594559e-22       5.38252018e-22       1.44865012e-22
520.00      -1.22286557e-21       1.71616631e-21       6.78899400e-22       1.74276243e-22       5.39722764e-22       1.37485213e-22
530.00      -1.25094724e-21       1.87144892e-21       6.73833816e-22       1.63889516e-22       5.40795658e-22       1.30588179e-22
540.00      -1.26892057e-21       2.04088355e-21       6.68797115e-22       1.54369734e-22       5.41524809e-22       1.24171386e-22
550.00      -1.27392911e-21       2.22424267e-21       6.63823961e-22       1.45658970e-22       5.41963444e-22       1.18206281e-22
560.00      -1.26232168e-21       2.42097601e-21       6.58914345e-22       1.37691886e-22       5.42198104e-22       1.12672630e-22
570.00      -1.23056721e-21       2.62958439e-21       6.54138406e-22       1.30406474e-22       5.42229839e-22       1.07558392e-22
580.00      -1.17421935e-21       2.84915890e-21       6.49436914e-22       1.23699216e-22       5.42075849e-22       1.02795560e-22
590.00      -1.08955407e-21       3.07569661e-21       6.44875279e-22       1.17532245e-22       5.41825582e-22       9.83714532e-23
600.00      -9.73134449e-22       3.30439237e-21       6.40472514e-22       1.11867545e-22       5.41444473e-22       9.42613386e-23
610.00      -8.21470806e-22       3.52930518e-21       6.36178790e-22       1.06645144e-22       5.40993992e-22       9.04373979e-23
620.00      -6.34237681e-22       3.74259540e-21       6.32039256e-22       1.01843836e-22       5.40484568e-22       8.69011681e-23
630.00      -4.10814957e-22       3.93565868e-21       6.28037001e-22       9.74429219e-23       5.39905755e-22       8.36357923e-23
640.00      -1.54561003e-22       4.09929187e-21       6.24133066e-22       9.33975595e-23       5.39238078e-22       8.06034385e-23
650.00       1.26210616e-22       4.22629560e-21       6.20425106e-22       8.97017419e-23       5.38591117e-22       7.78260700e-23
660.00       4.21760528e-22       4.31274622e-21       6.16896882e-22       8.62944586e-23       5.37950530e-22       7.52524867e-23
670.00       7.25567787e-22       4.35543427e-21       6.13514572e-22       8.31485099e-23       5.37333678e-22       7.28588543e-23
680.00       1.02658826e-21       4.35398333e-21       6.10275561e-22       8.02562725e-23       5.36695544e-22       7.06605119e-23
690.00       1.31527084e-21       4.31062928e-21       6.07165248e-22       7.76145728e-23       5.36078672e-22       6.86322113e-23
700.00       1.58935201e-21       4.23014112e-21       6.04124345e-22       7.51218092e-23       5.35380946e-22       6.67119412e-23
710.00       1.84068274e-21       4.11784071e-21       6.01163138e-22       7.27967598e-23       5.34686138e-22       6.49177897e-23
720.00       2.05816170e-21       3.98180910e-21       5.98375636e-22       7.07407272e-23       5.34029627e-22       6.33269977e-23
730.00       2.23480722e-21       3.83196506e-21       5.95779602e-22       6.90341906e-23       5.33469272e-22       6.20339662e-23
740.00       2.37737084e-21       3.67056539e-21       5.93235198e-22       6.75949685e-23       5.32861769e-22       6.09533602e-23
750.00       2.49267812e-21       3.50327614e-21       5.90713506e-22       6.63118746e-23       5.32195293e-22       5.99990293e-23
760.00       2.58282672e-21       3.33911597e-21       5.88285763e-22       6.51557088e-23       5.31540160e-22       5.91506214e-23
770.00       2.65061597e-21       3.18647173e-21       5.86077953e-22       6.41423391e-23       5.31039456e-22       5.84097334e-23
780.00       2.69265002e-21       3.05045462e-21       5.84149661e-22       6.34346743e-23       5.30719620e-22       5.79294044e-23
790.00       2.69994587e-21       2.93856756e-21       5.82574494e-22       6.33499943e-23       5.30672557e-22       5.80056755e-23
800.00       2.72337338e-21       2.86694977e-21       5.81886067e-22       6.29260153e-23       5.31377567e-22       5.77461203e-23
