% Al_l160nm_w40nm_h60nm
% units: lam in nm, alpha in m^3
% lam         Re(alpha_xx)         Im(alpha_xx)         Re(alpha_yy)         Im(alpha_yy)         Re(alpha_zz)         Im(alpha_zz)
300.00      -8.26363583e-24       5.82244074e-22       6.45313808e-22       8.35742128e-22       5.42676164e-22       1.35893504e-22
310.00      -1.02187713e-22       5.16432185e-22       7.24404105e-22       7.64317395e-22       5.94206229e-22       9.82189840e-24
320.00      -2.00147941e-22       5.14993710e-22       7.62244390e-22       7.07079904e-22       5.04200986e-22      -1.52425732e-22
330.00      -2.82092872e-22       5.40750087e-22       7.86707840e-22       6.66890117e-22       2.86452831e-22      -1.72292006e-22
340.00      -3.52041417e-22       5.76923477e-22       8.07826632e-22       6.36862676e-22       1.35876837e-22      -3.04329635e-23
350.00      -4.14784446e-22       6.17896037e-22       8.28004330e-22       6.11966197e-22       1.00694942e-22       1.38185448e-22
360.00      -4.73357301e-22       6.61691399e-22       8.47431233e-22       5.89525467e-22       1.28177421e-22       2.76387178e-22
370.00      -5.29699769e-22       7.07737064e-22       8.65923811e-22       5.68137895e-22       1.81632838e-22       3.82363986e-22
380.00      -5.85021091e-22       7.55826101e-22       8.83352780e-22       5.47282570e-22       2.45277676e-22       4.63731584e-22
390.00      -6.40111482e-22       8.06030748e-22       8.99504368e-22       5.26675611e-22       3.12942924e-22       5.27168511e-22
400.00      -6.95514397e-22       8.58537131e-22       9.14214092e-22       5.06189421e-22       3.81891998e-22       5.76495446e-22
410.00      -7.51574208e-22       9.13597633e-22       9.27427314e-22       4.85877420e-22       4.50625929e-22       6.14347716e-22
420.00      -8.08562249e-22       9.71490117e-22       9.39102035e-22       4.65765643e-22       5.18331062e-22       6.42535069e-22
430.00      -8.66632895e-22       1.03251383e-21       9.49267454e-22       4.45995334e-22       5.84045653e-22       6.62233286e-22
440.00      -9.25722688e-22       1.09689745e-21       9.57942477e-22       4.26705821e-22       6.47297921e-22       6.74627283e-22
450.00      -9.85773346e-22       1.16468326e-21       9.65230487e-22       4.08113573e-22       7.07262108e-22       6.80863189e-22
460.00      -1.04676141e-21       1.23636711e-21       9.71247120e-22       3.90214605e-22       7.63618999e-22       6.81761834e-22
470.00      -1.10895467e-21       1.31234425e-21       9.76138969e-22       3.72949288e-22       8.16478096e-22       6.78177999e-22
480.00      -1.17259319e-21       1.39271559e-21       9.80157521e-22       3.56324218e-22       8.65814885e-22       6.70942393e-22
490.00      -1.23774943e-21       1.47790197e-21       9.83366673e-22       3.40365916e-22       9.11665618e-22       6.60676983e-22
500.00      -1.30412015e-21       1.56846863e-21       9.85801503e-22       3.25072297e-22       9.53860653e-22       6.47945222e-22
510.00      -1.37145572e-21       1.66497752e-21       9.87466546e-22       3.10455545e-22       9.92503888e-22       6.33186677e-22
520.00      -1.43947724e-21       1.76809721e-21       9.88438831e-22       2.96534124e-22       1.02754422e-21       6.16867067e-22
530.00      -1.50803108e-21       1.87844562e-21       9.88795910e-22       2.83242535e-22       1.05924058e-21       5.99369647e-22
540.00      -1.57674274e-21       1.99655327e-21       9.88618303e-22       2.70608911e-22       1.08786896e-21       5.81135449e-22
550.00      -1.64507634e-21       2.12282410e-21       9.87978712e-22       2.58637232e-22       1.11354764e-21       5.62483783e-22
560.00      -1.71257521e-21       2.25771245e-21       9.87013442e-22       2.47359420e-22       1.13642239e-21       5.43904321e-22
570.00      -1.77865387e-21       2.40169592e-21       9.85711419e-22       2.36705605e-22       1.15683928e-21       5.25398944e-22
580.00      -1.84235536e-21       2.55595755e-21       9.84108808e-22       2.26639405e-22       1.17497524e-21       5.07133220e-22
590.00      -1.90299530e-21       2.72082846e-21       9.82263119e-22       2.17135723e-22       1.19104631e-21       4.89266868e-22
600.00      -1.95953677e-21       2.89691075e-21       9.80248652e-22       2.08192582e-22       1.20525908e-21       4.71830252e-22
610.00      -2.01074552e-21       3.08450500e-21       9.78066923e-22       1.99754840e-22       1.21780421e-21       4.55035958e-22
620.00      -2.05533988e-21       3.28397615e-21       9.75782832e-22       1.91844075e-22       1.22887237e-21       4.38920671e-22
630.00      -2.09096301e-21       3.49600598e-21       9.73355786e-22       1.84407038e-22       1.23850192e-21       4.23428503e-22
640.00      -2.11581746e-21       3.72027768e-21       9.70833563e-22       1.77451700e-22       1.24687592e-21       4.08728286e-22
650.00      -2.12849930e-21       3.95626008e-21       9.68290696e-22       1.70939596e-22       1.25429007e-21       3.94739246e-22
660.00      -2.12810387e-21       4.20250349e-21       9.65809236e-22       1.64853843e-22       1.26084656e-21       3.81583794e-22
670.00      -2.11216921e-21       4.45936519e-21       9.63302086e-22       1.59118702e-22       1.26662683e-21       3.69035503e-22
680.00      -2.07787648e-21       4.72578676e-21       9.60772128e-22       1.53754737e-22       1.27174062e-21       3.57237004e-22
690.00      -2.02276428e-21       4.99908209e-21       9.58334862e-22       1.48765565e-22       1.27616689e-21       3.46149913e-22
700.00      -1.94405092e-21       5.28146393e-21       9.55771831e-22       1.43997459e-22       1.27991353e-21       3.35471226e-22
710.00      -1.83918667e-21       5.56908883e-21       9.53229568e-22       1.39502185e-22       1.28302904e-21       3.25274603e-22
720.00      -1.70783739e-21       5.85239899e-21       9.50731039e-22       1.35393314e-22       1.28582181e-21       3.15997534e-22
730.00      -1.55137392e-21       6.12044727e-21       9.48418832e-22       1.31816254e-22       1.28838638e-21       3.07897989e-22
740.00      -1.36410029e-21       6.37301534e-21       9.46080411e-22       1.28637613e-22       1.29038284e-21       3.00648568e-22
750.00      -1.14551630e-21       6.61107081e-21       9.43611514e-22       1.25698364e-22       1.29173350e-21       2.93900796e-22
760.00      -9.04304326e-22       6.82894629e-21       9.41236703e-22       1.22992541e-22       1.29294102e-21       2.87654954e-22
770.00      -6.51597222e-22       7.02272363e-21       9.39067922e-22       1.20509197e-22       1.29429985e-21       2.81971644e-22
780.00      -3.97420763e-22       7.17925252e-21       9.37230780e-22       1.18496897e-22       1.29595414e-21       2.77414593e-22
790.00      -1.62002421e-22       7.27488356e-21       9.35787757e-22       1.17366818e-22       1.29812625e-21       2.75020138e-22
800.00       2.02009908e-23       7.39531939e-21       9.35499140e-22       1.15824359e-22       1.30279215e-21       2.71911878e-22
