% Al_l120nm_w100nm_h40nm
% units: lam in nm, alpha in m^3
% lam         Re(alpha_xx)         Im(alpha_xx)         Re(alpha_yy)         Im(alpha_yy)         Re(alpha_zz)         Im(alpha_zz)
300.00      -2.29485409e-22       7.12113971e-22      -1.76645785e-22       8.50375526e-22       2.42321632e-22       2.15702407e-22
310.00      -2.97133730e-22       7.73734013e-22      -2.51946416e-22       8.81204266e-22       2.97066827e-22       2.58965314e-22
320.00      -3.50148165e-22       8.43055064e-22      -3.30546972e-22       9.65309680e-22       3.45887864e-22       2.89426242e-22
330.00      -3.94936688e-22       9.13557337e-22      -3.76441367e-22       1.07214380e-21       3.90321006e-22       3.12700224e-22
340.00      -4.35906018e-22       9.84714818e-22      -4.01233443e-22       1.17679665e-21       4.31692449e-22       3.31208836e-22
350.00      -4.74946042e-22       1.05726371e-21      -4.17046244e-22       1.27730219e-21       4.70870348e-22       3.45918601e-22
360.00      -5.12861276e-22       1.13213864e-21      -4.28488817e-22       1.37665692e-21       5.08237820e-22       3.57361990e-22
370.00      -5.50016211e-22       1.21008820e-21      -4.36777755e-22       1.47731105e-21       5.43962993e-22       3.65849635e-22
380.00      -5.86615641e-22       1.29173446e-21      -4.41996193e-22       1.58089143e-21       5.78124260e-22       3.71684548e-22
390.00      -6.22718104e-22       1.37761028e-21      -4.43771511e-22       1.68844422e-21       6.10785496e-22       3.75057907e-22
400.00      -6.57982442e-22       1.46838597e-21      -4.41000217e-22       1.80073523e-21       6.41837418e-22       3.76202960e-22
410.00      -6.92216810e-22       1.56452922e-21      -4.32895634e-22       1.91809847e-21       6.71220434e-22       3.75331319e-22
420.00      -7.24981942e-22       1.66662984e-21      -4.18312244e-22       2.04079010e-21       6.98944624e-22       3.72655760e-22
430.00      -7.55751276e-22       1.77515582e-21      -3.95953012e-22       2.16872028e-21       7.24895016e-22       3.68406100e-22
440.00      -7.83929337e-22       1.89023551e-21      -3.64767404e-22       2.30115000e-21       7.49092354e-22       3.62896770e-22
450.00      -8.08807623e-22       2.01186949e-21      -3.23764009e-22       2.43715902e-21       7.71529790e-22       3.56385748e-22
460.00      -8.29481331e-22       2.14065044e-21      -2.71349892e-22       2.57610083e-21       7.92213571e-22       3.49067149e-22
470.00      -8.45377805e-22       2.27700875e-21      -2.06726940e-22       2.71727049e-21       8.11288558e-22       3.41057990e-22
480.00      -8.56008538e-22       2.42149425e-21      -1.29010303e-22       2.85993460e-21       8.28889303e-22       3.32474577e-22
490.00      -8.60321105e-22       2.57430492e-21      -3.72001258e-23       3.00261573e-21       8.45100723e-22       3.23478828e-22
500.00      -8.56766726e-22       2.73540929e-21       6.97578481e-23       3.14305014e-21       8.59903621e-22       3.14193742e-22
510.00      -8.43474123e-22       2.90492893e-21       1.92917164e-22       3.27892437e-21       8.73359094e-22       3.04727652e-22
520.00      -8.18649007e-22       3.08249010e-21       3.32661912e-22       3.40745872e-21       8.85520249e-22       2.95189043e-22
530.00      -7.80760131e-22       3.26779425e-21       4.88497679e-22       3.52628002e-21       8.96490454e-22       2.85597210e-22
540.00      -7.27462632e-22       3.45972540e-21       6.59807399e-22       3.63192586e-21       9.06341181e-22       2.76084474e-22
550.00      -6.57376161e-22       3.65671349e-21       8.44178656e-22       3.72204688e-21       9.15187128e-22       2.66757378e-22
560.00      -5.68734155e-22       3.85681362e-21       1.03930342e-21       3.79398706e-21       9.23105393e-22       2.57630007e-22
570.00      -4.60020306e-22       4.05770555e-21       1.24237149e-21       3.84584209e-21       9.30187255e-22       2.48774843e-22
580.00      -3.29719712e-22       4.25709346e-21       1.45045796e-21       3.87653592e-21       9.36487668e-22       2.40164602e-22
590.00      -1.76544516e-22       4.45180259e-21       1.66035738e-21       3.88507870e-21       9.42104974e-22       2.31852225e-22
600.00      -8.06409209e-25       4.63826041e-21       1.86796565e-21       3.87206987e-21       9.47066095e-22       2.23833161e-22
610.00       1.97844588e-22       4.81255986e-21       2.07007692e-21       3.83817851e-21       9.51457707e-22       2.16145244e-22
620.00       4.17397492e-22       4.97078898e-21       2.26365651e-21       3.78495840e-21       9.55347849e-22       2.08765912e-22
630.00       6.56856818e-22       5.10832268e-21       2.44583067e-21       3.71383651e-21       9.58738796e-22       2.01729914e-22
640.00       9.12954121e-22       5.22147699e-21       2.61438823e-21       3.62750003e-21       9.61698736e-22       1.95052864e-22
650.00       1.18025664e-21       5.30848475e-21       2.76778163e-21       3.52981647e-21       9.64312206e-22       1.88722729e-22
660.00       1.45426327e-21       5.36839567e-21       2.90575444e-21       3.42419097e-21       9.66660023e-22       1.82708637e-22
670.00       1.73208387e-21       5.39987598e-21       3.02859944e-21       3.31214506e-21       9.68732861e-22       1.76981440e-22
680.00       2.00852101e-21       5.40226677e-21       3.13606613e-21       3.19600353e-21       9.70544258e-22       1.71565930e-22
690.00       2.27805184e-21       5.37688278e-21       3.22847898e-21       3.07814265e-21       9.72142321e-22       1.66453009e-22
700.00       2.54087185e-21       5.32453073e-21       3.30795864e-21       2.95831608e-21       9.73442565e-22       1.61547621e-22
710.00       2.79213996e-21       5.24677362e-21       3.37477381e-21       2.83849999e-21       9.74527411e-22       1.56880092e-22
720.00       3.02295247e-21       5.14913828e-21       3.42848135e-21       2.72293080e-21       9.75492805e-22       1.52567700e-22
730.00       3.22738421e-21       5.03687172e-21       3.46924364e-21       2.61477194e-21       9.76441969e-22       1.48754622e-22
740.00       3.40787938e-21       4.90965316e-21       3.49832120e-21       2.51114115e-21       9.77169131e-22       1.45318246e-22
750.00       3.56862356e-21       4.76940049e-21       3.51826312e-21       2.41063194e-21       9.77669814e-22       1.42133454e-22
760.00       3.70893546e-21       4.62475796e-21       3.53155159e-21       2.31570189e-21       9.78083031e-22       1.39159971e-22
770.00       3.82989520e-21       4.48298451e-21       3.54045557e-21       2.22844997e-21       9.78589890e-22       1.36411745e-22
780.00       3.92717145e-21       4.34915409e-21       3.54406168e-21       2.15164010e-21       9.79293138e-22       1.34123924e-22
790.00       3.99109750e-21       4.23229736e-21       3.53997485e-21       2.09094038e-21       9.80300979e-22       1.32702057e-22
800.00       4.06785059e-21       4.14600855e-21       3.55087372e-21       2.03999848e-21       9.82322796e-22       1.30838233e-22
