% Al_l180nm_w120nm_h60nm
% units: lam in nm, alpha in m^3
% lam         Re(alpha_xx)         Im(alpha_xx)         Re(alpha_yy)         Im(alpha_yy)         Re(alpha_zz)         Im(alpha_zz)
300.00       6.17977024e-22       1.58588422e-21       2.56570059e-22       1.50677501e-21       8.68750668e-22      -7.87992423e-22
310.00       5.60562221e-22       1.48358405e-21       2.33918015e-22       1.61107712e-21       7.58693137e-22      -9.78975984e-22
320.00       4.58222722e-22       1.44581370e-21       2.13876651e-22       1.71126128e-21       5.17539439e-22      -1.09369332e-21
330.00       3.44848130e-22       1.44631202e-21       1.93118393e-22       1.80748616e-21       2.09009957e-22      -1.02722112e-21
340.00       2.24250656e-22       1.47663184e-21       1.67596299e-22       1.90053798e-21      -9.79539279e-24      -7.79971656e-22
350.00       1.04036085e-22       1.53530983e-21       1.32019774e-22       1.99259537e-21      -6.64940726e-23      -4.81259420e-22
360.00      -7.99134444e-24       1.61641792e-21       7.98312733e-23       2.09097342e-21      -1.14337588e-23      -2.28488836e-22
370.00      -1.08749268e-22       1.71240750e-21       9.34244488e-24       2.21216479e-21       8.99961520e-23      -3.95970447e-23
380.00      -1.99022961e-22       1.81706069e-21      -6.37869570e-23       2.37582128e-21       2.02158867e-22       9.99026970e-23
390.00      -2.80951670e-22       1.92679452e-21      -1.05837331e-22       2.58104357e-21       3.11409363e-22       2.06404121e-22
400.00      -3.56729038e-22       2.03978810e-21      -9.84809854e-23       2.79641230e-21       4.14017397e-22       2.91523913e-22
410.00      -4.28168048e-22       2.15537968e-21      -5.56626056e-23       2.99455945e-21       5.09718153e-22       3.62531467e-22
420.00      -4.96529549e-22       2.27344102e-21       1.97692287e-24       3.17117754e-21       5.99653240e-22       4.23756387e-22
430.00      -5.62713386e-22       2.39405674e-21       6.28636996e-23       3.33271854e-21       6.84614875e-22       4.77777587e-22
440.00      -6.27413986e-22       2.51704601e-21       1.23503227e-22       3.48589140e-21       7.65477639e-22       5.26331428e-22
450.00      -6.91003522e-22       2.64281647e-21       1.84139161e-22       3.63531968e-21       8.43121715e-22       5.70381105e-22
460.00      -7.53665433e-22       2.77172616e-21       2.46153813e-22       3.78347038e-21       9.18142921e-22       6.10476929e-22
470.00      -8.15861363e-22       2.90417153e-21       3.10860247e-22       3.93223149e-21       9.90971199e-22       6.47131613e-22
480.00      -8.77987743e-22       3.04072960e-21       3.79459357e-22       4.08270748e-21       1.06213962e-21       6.80512396e-22
490.00      -9.40145617e-22       3.18170583e-21       4.52987885e-22       4.23510128e-21       1.13178415e-21       7.10856054e-22
500.00      -1.00209544e-21       3.32754871e-21       5.32682627e-22       4.38907017e-21       1.20008569e-21       7.38087985e-22
510.00      -1.06349464e-21       3.47857800e-21       6.19761423e-22       4.54404024e-21       1.26699194e-21       7.62319407e-22
520.00      -1.12400144e-21       3.63523595e-21       7.15209149e-22       4.69915621e-21       1.33243222e-21       7.83540108e-22
530.00      -1.18340831e-21       3.79797199e-21       8.19764827e-22       4.85408094e-21       1.39647840e-21       8.01756032e-22
540.00      -1.24160428e-21       3.96708380e-21       9.33722533e-22       5.00793630e-21       1.45903103e-21       8.17171413e-22
550.00      -1.29846866e-21       4.14267239e-21       1.05724104e-21       5.16003235e-21       1.52002059e-21       8.29889013e-22
560.00      -1.35313648e-21       4.32504129e-21       1.19090901e-21       5.30879876e-21       1.57932086e-21       8.40040037e-22
570.00      -1.40549306e-21       4.51439841e-21       1.33449181e-21       5.45343280e-21       1.63684966e-21       8.47815242e-22
580.00      -1.45502824e-21       4.71126505e-21       1.48857003e-21       5.59292855e-21       1.69264774e-21       8.53213139e-22
590.00      -1.50120952e-21       4.91590859e-21       1.65286545e-21       5.72605435e-21       1.74654543e-21       8.56468082e-22
600.00      -1.54353328e-21       5.12841082e-21       1.82697320e-21       5.85176705e-21       1.79857190e-21       8.57618723e-22
610.00      -1.58147993e-21       5.34900622e-21       2.01014968e-21       5.96882576e-21       1.84867868e-21       8.57001315e-22
620.00      -1.61441144e-21       5.57782762e-21       2.20196168e-21       6.07620307e-21       1.89678375e-21       8.54770462e-22
630.00      -1.64081366e-21       5.81492755e-21       2.40164288e-21       6.17201362e-21       1.94279855e-21       8.50961362e-22
640.00      -1.66015098e-21       6.06002825e-21       2.60783841e-21       6.25546567e-21       1.98672892e-21       8.45826447e-22
650.00      -1.67242455e-21       6.31290458e-21       2.81884888e-21       6.32674742e-21       2.02874580e-21       8.39656464e-22
660.00      -1.67727633e-21       6.57347044e-21       3.03346279e-21       6.38568871e-21       2.06897907e-21       8.32552686e-22
670.00      -1.67361334e-21       6.84204851e-21       3.25114144e-21       6.43162530e-21       2.10737963e-21       8.24508710e-22
680.00      -1.66017029e-21       7.11827186e-21       3.47012034e-21       6.46411040e-21       2.14389826e-21       8.15786758e-22
690.00      -1.63566953e-21       7.40071395e-21       3.68859979e-21       6.48237606e-21       2.17862434e-21       8.06512745e-22
700.00      -1.59796302e-21       7.69187897e-21       3.90753203e-21       6.48595670e-21       2.21150171e-21       7.96377821e-22
710.00      -1.54636081e-21       7.99020306e-21       4.12480208e-21       6.47519804e-21       2.24254446e-21       7.85670633e-22
720.00      -1.48155875e-21       8.29113210e-21       4.33539132e-21       6.45217159e-21       2.27197850e-21       7.75054923e-22
730.00      -1.40565214e-21       8.58923607e-21       4.53501803e-21       6.41925275e-21       2.30002892e-21       7.65082668e-22
740.00      -1.31189069e-21       8.88495673e-21       4.72443711e-21       6.37329120e-21       2.32612701e-21       7.55397364e-22
750.00      -1.19860464e-21       9.18059157e-21       4.90603674e-21       6.31444681e-21       2.35040487e-21       7.45568347e-22
760.00      -1.06998347e-21       9.47495600e-21       5.07883260e-21       6.24782961e-21       2.37346518e-21       7.35831120e-22
770.00      -9.30724989e-22       9.76658280e-21       5.24260912e-21       6.17758264e-21       2.39577257e-21       7.26361177e-22
780.00      -7.86298397e-22       1.00459324e-20       5.39193443e-21       6.10775357e-21       2.41751236e-21       7.18055503e-22
790.00      -6.47763286e-22       1.02947295e-20       5.51691682e-21       6.04577917e-21       2.43888274e-21       7.12514690e-22
800.00      -5.38246717e-22       1.05697665e-20       5.65459485e-21       6.00429311e-21       2.46339413e-21       7.05952694e-22
