% Al_l180nm_w80nm_h50nm
% units: lam in nm, alpha in m^3
% lam         Re(alpha_xx)         Im(alpha_xx)         Re(alpha_yy)         Im(alpha_yy)         Re(alpha_zz)         Im(alpha_zz)
300.00       9.99298164e-23       1.28960777e-21       9.07545914e-23       1.34122217e-21       4.85836307e-22      -6.71493605e-22
310.00       1.81041710e-22       1.16371671e-21       9.12639095e-23       1.41390636e-21       2.91466681e-22      -7.72988730e-22
320.00       1.20764704e-22       1.02842058e-21       8.12915988e-23       1.48870954e-21       3.71966123e-23      -7.06367798e-22
330.00      -7.47727923e-24       9.71302328e-22       5.46976898e-23       1.57638096e-21      -1.15858573e-22      -4.91787093e-22
340.00      -1.37007183e-22       9.77760643e-22       1.26853514e-23       1.69956284e-21      -1.30255527e-22      -2.64015373e-22
350.00      -2.50231231e-22       1.01774687e-21      -1.41910383e-23       1.88600966e-21      -6.92077091e-23      -8.87277767e-23
360.00      -3.48140523e-22       1.07389503e-21       3.83060901e-23       2.11916410e-21       1.62380449e-23       3.49815882e-23
370.00      -4.34973132e-22       1.13814599e-21       1.84291615e-22       2.31809635e-21       1.04189824e-22       1.22867181e-22
380.00      -5.14405606e-22       1.20689426e-21       3.60349265e-22       2.44314739e-21       1.87531162e-22       1.87712280e-22
390.00      -5.89045293e-22       1.27861244e-21       5.22515650e-22       2.51882029e-21       2.64950576e-22       2.37556193e-22
400.00      -6.60764466e-22       1.35294049e-21       6.65578545e-22       2.57273868e-21       3.36887962e-22       2.77194187e-22
410.00      -7.30740894e-22       1.42975190e-21       7.96120261e-22       2.61779057e-21       4.03826779e-22       3.09378990e-22
420.00      -7.99866340e-22       1.50919490e-21       9.20452897e-22       2.65792539e-21       4.66779684e-22       3.35905079e-22
430.00      -8.68591599e-22       1.59148054e-21       1.04240394e-21       2.69378042e-21       5.26170914e-22       3.57873261e-22
440.00      -9.37278831e-22       1.67664072e-21       1.16352885e-21       2.72484618e-21       5.82351039e-22       3.76035765e-22
450.00      -1.00608067e-21       1.76477666e-21       1.28445535e-21       2.75020534e-21       6.35717391e-22       3.90994358e-22
460.00      -1.07517394e-21       1.85627463e-21       1.40568088e-21       2.76894934e-21       6.86399878e-22       4.03118149e-22
470.00      -1.14489053e-21       1.95148366e-21       1.52731162e-21       2.78083236e-21       7.34711105e-22       4.12715790e-22
480.00      -1.21570287e-21       2.05065896e-21       1.64903096e-21       2.78593813e-21       7.80822194e-22       4.20060894e-22
490.00      -1.28775173e-21       2.15404213e-21       1.77044722e-21       2.78391512e-21       8.24907123e-22       4.25359452e-22
500.00      -1.36068089e-21       2.26234520e-21       1.89073153e-21       2.77395960e-21       8.66869217e-22       4.28754520e-22
510.00      -1.43432715e-21       2.37577053e-21       2.00884569e-21       2.75591261e-21       9.06799198e-22       4.30416777e-22
520.00      -1.50847487e-21       2.49492894e-21       2.12388796e-21       2.72963631e-21       9.44652864e-22       4.30503567e-22
530.00      -1.58307529e-21       2.62034529e-21       2.23520235e-21       2.69561888e-21       9.80543555e-22       4.29178023e-22
540.00      -1.65793653e-21       2.75223796e-21       2.34192632e-21       2.65447188e-21       1.01449249e-21       4.26617031e-22
550.00      -1.73277242e-21       2.89092202e-21       2.44315720e-21       2.60698251e-21       1.04653728e-21       4.23090879e-22
560.00      -1.80726123e-21       3.03672280e-21       2.53831274e-21       2.55399034e-21       1.07677625e-21       4.18646394e-22
570.00      -1.88106788e-21       3.18996065e-21       2.62697579e-21       2.49637836e-21       1.10525430e-21       4.13529320e-22
580.00      -1.95377619e-21       3.35139954e-21       2.70907093e-21       2.43470908e-21       1.13204572e-21       4.07746574e-22
590.00      -2.02493032e-21       3.52148248e-21       2.78443933e-21       2.36969542e-21       1.15721002e-21       4.01480265e-22
600.00      -2.09401678e-21       3.70045259e-21       2.85302933e-21       2.30247241e-21       1.18083137e-21       3.94769854e-22
610.00      -2.16047152e-21       3.88866155e-21       2.91496619e-21       2.23362114e-21       1.20301872e-21       3.87778454e-22
620.00      -2.22335902e-21       4.08656144e-21       2.97029895e-21       2.16398486e-21       1.22380734e-21       3.80577020e-22
630.00      -2.28143325e-21       4.29461518e-21       3.01905389e-21       2.09388281e-21       1.24320177e-21       3.73239631e-22
640.00      -2.33377427e-21       4.51274641e-21       3.06160078e-21       2.02416613e-21       1.26134188e-21       3.65856046e-22
650.00      -2.37997861e-21       4.74079563e-21       3.09858830e-21       1.95565043e-21       1.27833836e-21       3.58496911e-22
660.00      -2.42001591e-21       4.97867252e-21       3.13079554e-21       1.88874356e-21       1.29438397e-21       3.51212851e-22
670.00      -2.45171233e-21       5.22704098e-21       3.15819169e-21       1.82329964e-21       1.30944590e-21       3.43978947e-22
680.00      -2.47392005e-21       5.48529944e-21       3.18123491e-21       1.75991533e-21       1.32355497e-21       3.36863832e-22
690.00      -2.48508070e-21       5.75302276e-21       3.20018624e-21       1.69869146e-21       1.33679244e-21       3.29940260e-22
700.00      -2.48317429e-21       6.03302721e-21       3.21547319e-21       1.63886547e-21       1.34908524e-21       3.23009566e-22
710.00      -2.46674604e-21       6.32373541e-21       3.22734635e-21       1.58080617e-21       1.36054222e-21       3.16191908e-22
720.00      -2.43464545e-21       6.61952359e-21       3.23605649e-21       1.52605423e-21       1.37135212e-21       3.09774969e-22
730.00      -2.38621405e-21       6.91343526e-21       3.24188970e-21       1.47584520e-21       1.38165012e-21       3.03991263e-22
740.00      -2.31602312e-21       7.20798983e-21       3.24452083e-21       1.42877952e-21       1.39119239e-21       2.98700981e-22
750.00      -2.22210207e-21       7.50543598e-21       3.24418939e-21       1.38347448e-21       1.39994406e-21       2.93609976e-22
760.00      -2.10859753e-21       7.80226326e-21       3.24240197e-21       1.34074200e-21       1.40820258e-21       2.88754426e-22
770.00      -1.98096461e-21       8.09432976e-21       3.24025289e-21       1.30113610e-21       1.41628106e-21       2.84214599e-22
780.00      -1.84229006e-21       8.36884627e-21       3.23751041e-21       1.26619815e-21       1.42429378e-21       2.80366050e-22
790.00      -1.69940515e-21       8.60167585e-21       3.23406804e-21       1.23937082e-21       1.43250548e-21       2.78041197e-22
800.00      -1.59829786e-21       8.84799471e-21       3.23877467e-21       1.21388815e-21       1.44234091e-21       2.74954394e-22
