% Al_l180nm_w50nm_h50nm
% units: lam in nm, alpha in m^3
% lam         Re(alpha_xx)         Im(alpha_xx)         Re(alpha_yy)         Im(alpha_yy)         Re(alpha_zz)         Im(alpha_zz)
300.00      -2.19285043e-22       1.00250229e-21       2.91343155e-22       1.15793111e-21       5.57971911e-22      -3.66413684e-22
310.00      -6.03995260e-23       9.81015127e-22       3.76407683e-22       1.29736901e-21       4.56338847e-22      -5.34039189e-22
320.00      -1.16566262e-23       8.27427745e-22       5.54355505e-22       1.40625409e-21       2.14424797e-22      -5.89758312e-22
330.00      -1.00113840e-22       7.15002629e-22       7.61651149e-22       1.40735340e-21      -6.62324991e-25      -4.48150166e-22
340.00      -2.17895303e-22       6.83515391e-22       9.12079236e-22       1.33774456e-21      -6.96046049e-23      -2.37572302e-22
350.00      -3.23495637e-22       6.96323426e-22       1.00521895e-21       1.25988136e-21      -4.00927169e-23      -6.46120166e-23
360.00      -4.14132623e-22       7.28978930e-22       1.06778253e-21       1.19375895e-21       2.59917174e-23       5.68743130e-23
370.00      -4.94051980e-22       7.70920395e-22       1.11617141e-21       1.13900769e-21       1.00301242e-22       1.40842467e-22
380.00      -5.67085724e-22       8.17683572e-22       1.15759190e-21       1.09195587e-21       1.72739564e-22       2.00092081e-22
390.00      -6.35996475e-22       8.67627622e-22       1.19490081e-21       1.04939840e-21       2.40869034e-22       2.43084497e-22
400.00      -7.02541841e-22       9.20046265e-22       1.22902957e-21       1.00949034e-21       3.04088251e-22       2.74819053e-22
410.00      -7.67891998e-22       9.74764444e-22       1.26024173e-21       9.71049661e-22       3.62830570e-22       2.98429596e-22
420.00      -8.32863604e-22       1.03186364e-21       1.28865829e-21       9.33526451e-22       4.17332379e-22       3.15853348e-22
430.00      -8.97976712e-22       1.09150907e-21       1.31422253e-21       8.96682131e-22       4.68047684e-22       3.28379945e-22
440.00      -9.63499438e-22       1.15371549e-21       1.33692049e-21       8.60695746e-22       5.15213254e-22       3.37051131e-22
450.00      -1.02953216e-21       1.21853962e-21       1.35677660e-21       8.25647036e-22       5.59035080e-22       3.42708551e-22
460.00      -1.09626525e-21       1.28639515e-21       1.37393716e-21       7.91551245e-22       5.99803506e-22       3.45770515e-22
470.00      -1.16414465e-21       1.35735063e-21       1.38880991e-21       7.58409964e-22       6.37765473e-22       3.46776562e-22
480.00      -1.23346628e-21       1.43183030e-21       1.40164329e-21       7.26192962e-22       6.73156474e-22       3.46023802e-22
490.00      -1.30441258e-21       1.50997511e-21       1.41262667e-21       6.94992617e-22       7.06198262e-22       3.43813156e-22
500.00      -1.37687016e-21       1.59208574e-21       1.42181932e-21       6.64871057e-22       7.37000194e-22       3.40368862e-22
510.00      -1.45074893e-21       1.67883649e-21       1.42922919e-21       6.35830494e-22       7.65606039e-22       3.35956711e-22
520.00      -1.52589415e-21       1.77065786e-21       1.43489950e-21       6.07812293e-22       7.92097077e-22       3.30681406e-22
530.00      -1.60235744e-21       1.86798283e-21       1.43912810e-21       5.80950487e-22       8.16644808e-22       3.24694722e-22
540.00      -1.68003974e-21       1.97116079e-21       1.44199924e-21       5.55174572e-22       8.39397542e-22       3.18229317e-22
550.00      -1.75871474e-21       2.08050110e-21       1.44373163e-21       5.30642559e-22       8.60428202e-22       3.11413658e-22
560.00      -1.83805015e-21       2.19639331e-21       1.44444790e-21       5.07346363e-22       8.79916318e-22       3.04346276e-22
570.00      -1.91779569e-21       2.31926426e-21       1.44425183e-21       4.85238328e-22       8.97925085e-22       2.97199747e-22
580.00      -1.99786445e-21       2.44980843e-21       1.44327948e-21       4.64277844e-22       9.14564142e-22       2.89932989e-22
590.00      -2.07763295e-21       2.58850808e-21       1.44164476e-21       4.44434306e-22       9.29918140e-22       2.82678680e-22
600.00      -2.15676315e-21       2.73595408e-21       1.43937988e-21       4.25622098e-22       9.44150790e-22       2.75449807e-22
610.00      -2.23469576e-21       2.89233761e-21       1.43666553e-21       4.07871583e-22       9.57291755e-22       2.68334880e-22
620.00      -2.31078442e-21       3.05833831e-21       1.43356347e-21       3.91145350e-22       9.69474284e-22       2.61376800e-22
630.00      -2.38389097e-21       3.23476927e-21       1.43002182e-21       3.75361133e-22       9.80693747e-22       2.54561647e-22
640.00      -2.45263904e-21       3.42180857e-21       1.42614483e-21       3.60562012e-22       9.91016853e-22       2.47996225e-22
650.00      -2.51674434e-21       3.61903545e-21       1.42212227e-21       3.46691168e-22       1.00064075e-21       2.41665243e-22
660.00      -2.57560394e-21       3.82666123e-21       1.41799166e-21       3.33670860e-22       1.00964458e-21       2.35591778e-22
670.00      -2.62800383e-21       4.04528347e-21       1.41379789e-21       3.21426385e-22       1.01803683e-21       2.29762015e-22
680.00      -2.67227780e-21       4.27484347e-21       1.40952599e-21       3.09951951e-22       1.02584159e-21       2.24123147e-22
690.00      -2.70628702e-21       4.51525272e-21       1.40517444e-21       2.99217588e-22       1.03310625e-21       2.18820361e-22
700.00      -2.72934299e-21       4.76929222e-21       1.40064547e-21       2.88962994e-22       1.03980565e-21       2.13612629e-22
710.00      -2.73890139e-21       5.03597790e-21       1.39608268e-21       2.79304749e-22       1.04598588e-21       2.08553693e-22
720.00      -2.73248635e-21       5.30910296e-21       1.39159942e-21       2.70445314e-22       1.05178742e-21       2.03926283e-22
730.00      -2.70749645e-21       5.58152655e-21       1.38729737e-21       2.62634510e-22       1.05737465e-21       1.99896370e-22
740.00      -2.65873401e-21       5.85683968e-21       1.38280728e-21       2.55568560e-22       1.06248440e-21       1.96325288e-22
750.00      -2.58562144e-21       6.13736751e-21       1.37819824e-21       2.49009645e-22       1.06709076e-21       1.92974687e-22
760.00      -2.49133775e-21       6.41731173e-21       1.37365998e-21       2.42924169e-22       1.07145347e-21       1.89875042e-22
770.00      -2.38114402e-21       6.69091360e-21       1.36951995e-21       2.37351909e-22       1.07578412e-21       1.87010530e-22
780.00      -2.25552093e-21       6.94389662e-21       1.36582121e-21       2.32679397e-22       1.08021132e-21       1.84756997e-22
790.00      -2.11813550e-21       7.14747145e-21       1.36282698e-21       2.29741597e-22       1.08494969e-21       1.83764773e-22
800.00      -2.03165218e-21       7.35120259e-21       1.36190086e-21       2.26234680e-22       1.09110428e-21       1.82147759e-22
