% Al_l120nm_w60nm_h50nm
% units: lam in nm, alpha in m^3
% lam         Re(alpha_xx)         Im(alpha_xx)         Re(alpha_yy)         Im(alpha_yy)         Re(alpha_zz)         Im(alpha_zz)
300.00      -2.65645189e-22       4.99941716e-22      -5.84701354e-23       9.59603581e-22       1.16252478e-22       2.31110467e-22
310.00      -3.06607143e-22       5.44029423e-22       2.10750048e-23       1.05420910e-21       1.46422795e-22       3.28974528e-22
320.00      -3.46039484e-22       5.89580741e-22       9.70859127e-23       1.12023130e-21       1.91628167e-22       4.00275526e-22
330.00      -3.85045807e-22       6.36804410e-22       1.68250620e-22       1.17565900e-21       2.41135697e-22       4.54943840e-22
340.00      -4.24373231e-22       6.86099361e-22       2.38935765e-22       1.22631314e-21       2.92355712e-22       4.98498215e-22
350.00      -4.64251463e-22       7.37920008e-22       3.12112415e-22       1.27262119e-21       3.44667561e-22       5.33459514e-22
360.00      -5.04708515e-22       7.92833889e-22       3.89358539e-22       1.31351925e-21       3.97621999e-22       5.60929164e-22
370.00      -5.45775499e-22       8.51309763e-22       4.70968338e-22       1.34774391e-21       4.50699234e-22       5.81490927e-22
380.00      -5.87484976e-22       9.13702015e-22       5.56361500e-22       1.37422122e-21       5.03261613e-22       5.95657018e-22
390.00      -6.29806130e-22       9.80460289e-22       6.44552462e-22       1.39198355e-21       5.54575701e-22       6.03876626e-22
400.00      -6.72606670e-22       1.05208490e-21       7.34157141e-22       1.40026949e-21       6.04313052e-22       6.06582901e-22
410.00      -7.15686255e-22       1.12906187e-21       8.23725882e-22       1.39876512e-21       6.51565486e-22       6.04383661e-22
420.00      -7.58749079e-22       1.21202544e-21       9.11564028e-22       1.38744096e-21       6.96095875e-22       5.97809959e-22
430.00      -8.01440277e-22       1.30149120e-21       9.96019455e-22       1.36686842e-21       7.37377332e-22       5.87537307e-22
440.00      -8.43161060e-22       1.39780254e-21       1.07542335e-21       1.33795354e-21       7.75224975e-22       5.74297461e-22
450.00      -8.83210644e-22       1.50132464e-21       1.14843928e-21       1.30204315e-21       8.09499776e-22       5.58909349e-22
460.00      -9.20916050e-22       1.61264480e-21       1.21448086e-21       1.26045430e-21       8.40216575e-22       5.41853188e-22
470.00      -9.55871266e-22       1.73249152e-21       1.27352013e-21       1.21469587e-21       8.67635959e-22       5.23631201e-22
480.00      -9.87278692e-22       1.86151469e-21       1.32559757e-21       1.16591876e-21       8.92070968e-22       5.04651699e-22
490.00      -1.01434188e-21       2.00007192e-21       1.37095634e-21       1.11541458e-21       9.13740091e-22       4.85280224e-22
500.00      -1.03532409e-21       2.14896152e-21       1.40967543e-21       1.06387792e-21       9.32734798e-22       4.65815377e-22
510.00      -1.04856392e-21       2.30849122e-21       1.44207048e-21       1.01223873e-21       9.49235464e-22       4.46445932e-22
520.00      -1.05183701e-21       2.47895375e-21       1.46849206e-21       9.61024463e-22       9.63376641e-22       4.27349921e-22
530.00      -1.04311635e-21       2.66044444e-21       1.48962455e-21       9.11028301e-22       9.75490423e-22       4.08662111e-22
540.00      -1.01995299e-21       2.85253738e-21       1.50595440e-21       8.62485912e-22       9.85735178e-22       3.90582091e-22
550.00      -9.80069953e-22       3.05384867e-21       1.51814745e-21       8.16017068e-22       9.94343402e-22       3.73181037e-22
560.00      -9.20467334e-22       3.26280615e-21       1.52671585e-21       7.71861022e-22       1.00151067e-21       3.56568900e-22
570.00      -8.38655991e-22       3.47713972e-21       1.53212045e-21       7.30085010e-22       1.00743819e-21       3.40779308e-22
580.00      -7.32226391e-22       3.69413737e-21       1.53492927e-21       6.90714739e-22       1.01225356e-21       3.25758154e-22
590.00      -5.98615306e-22       3.91025964e-21       1.53547355e-21       6.53640638e-22       1.01608865e-21       3.11508686e-22
600.00      -4.36795858e-22       4.12085231e-21       1.53423254e-21       6.18951662e-22       1.01912291e-21       2.98064648e-22
610.00      -2.46215760e-22       4.32053345e-21       1.53139516e-21       5.86508558e-22       1.02143074e-21       2.85372126e-22
620.00      -2.77137241e-23       4.50362983e-21       1.52740996e-21       5.56333558e-22       1.02312767e-21       2.73440838e-22
630.00       2.17141758e-22       4.66403397e-21       1.52225438e-21       5.28229351e-22       1.02425053e-21       2.62243371e-22
640.00       4.85057347e-22       4.79590946e-21       1.51616973e-21       5.02118066e-22       1.02486621e-21       2.51740615e-22
650.00       7.68475156e-22       4.89575704e-21       1.50963577e-21       4.77987106e-22       1.02517351e-21       2.41960036e-22
660.00       1.06135096e-21       4.96148400e-21       1.50276903e-21       4.55671152e-22       1.02525267e-21       2.32831098e-22
670.00       1.35844134e-21       4.99158074e-21       1.49563089e-21       4.34938548e-22       1.02507995e-21       2.24272877e-22
680.00       1.65267037e-21       4.98585836e-21       1.48828193e-21       4.15755379e-22       1.02467845e-21       2.16254823e-22
690.00       1.93712084e-21       4.94570799e-21       1.48075106e-21       3.98035907e-22       1.02410412e-21       2.08830969e-22
700.00       2.21036806e-21       4.87386280e-21       1.47302742e-21       3.81375259e-22       1.02330994e-21       2.01766955e-22
710.00       2.46672721e-21       4.77347030e-21       1.46512755e-21       3.65760104e-22       1.02229832e-21       1.95088241e-22
720.00       2.69603608e-21       4.65156848e-21       1.45739797e-21       3.51643023e-22       1.02126289e-21       1.89020855e-22
730.00       2.89253991e-21       4.51528264e-21       1.44992407e-21       3.39259852e-22       1.02028007e-21       1.83746079e-22
740.00       3.06028147e-21       4.36511029e-21       1.44221411e-21       3.28128498e-22       1.01912698e-21       1.79060393e-22
750.00       3.20364792e-21       4.20513050e-21       1.43432671e-21       3.17855796e-22       1.01771356e-21       1.74716229e-22
760.00       3.32348278e-21       4.04423759e-21       1.42673248e-21       3.08437108e-22       1.01635238e-21       1.70730122e-22
770.00       3.42215091e-21       3.88934123e-21       1.41960898e-21       2.99855454e-22       1.01518644e-21       1.67109558e-22
780.00       3.49600233e-21       3.74636906e-21       1.41321521e-21       2.92730511e-22       1.01435886e-21       1.64152557e-22
790.00       3.53705532e-21       3.62441879e-21       1.40768216e-21       2.88090980e-22       1.01398667e-21       1.62486573e-22
800.00       3.59175152e-21       3.53441316e-21       1.40512734e-21       2.82952628e-22       1.01520328e-21       1.60281938e-22
