% Al_l120nm_w90nm_h60nm
% units: lam in nm, alpha in m^3
% lam         Re(alpha_xx)         Im(alpha_xx)         Re(alpha_yy)         Im(alpha_yy)         Re(alpha_zz)         Im(alpha_zz)
300.00      -1.31707903e-22       7.48097102e-22      -7.65867959e-23       8.84576495e-22       2.26748955e-22       2.12502343e-22
310.00      -1.75026609e-22       8.21358103e-22      -1.22728050e-22       1.00620513e-21       2.32238924e-22       3.52700011e-22
320.00      -2.13298232e-22       8.94527553e-22      -1.26867229e-22       1.12943116e-21       2.70379307e-22       4.58925967e-22
330.00      -2.49144715e-22       9.68015462e-22      -1.14619470e-22       1.23636674e-21       3.16779355e-22       5.42813372e-22
340.00      -2.83949815e-22       1.04272025e-21      -9.96319913e-23       1.33386417e-21       3.65476730e-22       6.13762978e-22
350.00      -3.18129554e-22       1.11943935e-21      -8.40849316e-23       1.42819237e-21       4.15491904e-22       6.76488018e-22
360.00      -3.51808748e-22       1.19884588e-21      -6.71877256e-23       1.52266053e-21       4.67094637e-22       7.33295581e-22
370.00      -3.84903621e-22       1.28149998e-21      -4.76031517e-23       1.61878663e-21       5.20497745e-22       7.85058547e-22
380.00      -4.17441458e-22       1.36793503e-21      -2.43254836e-23       1.71739192e-21       5.75854930e-22       8.32241530e-22
390.00      -4.49397612e-22       1.45853015e-21       3.55495609e-24       1.81875040e-21       6.33376677e-22       8.74988133e-22
400.00      -4.80266161e-22       1.55391737e-21       3.74663805e-23       1.92274600e-21       6.92829147e-22       9.13003053e-22
410.00      -5.09840303e-22       1.65437574e-21       7.81395696e-23       2.02913109e-21       7.54056709e-22       9.46162495e-22
420.00      -5.37669322e-22       1.76043484e-21       1.26658793e-22       2.13736117e-21       8.16663104e-22       9.74218249e-22
430.00      -5.63234873e-22       1.87244732e-21       1.83927408e-22       2.24664479e-21       8.80213881e-22       9.96969402e-22
440.00      -5.86034348e-22       1.99050193e-21       2.50441243e-22       2.35592215e-21       9.43922641e-22       1.01445035e-21
450.00      -6.05457745e-22       2.11457727e-21       3.26296360e-22       2.46382565e-21       1.00723969e-21       1.02676929e-21
460.00      -6.20589475e-22       2.24511126e-21       4.12468625e-22       2.56907781e-21       1.06957245e-21       1.03398498e-21
470.00      -6.30940944e-22       2.38248505e-21       5.08977431e-22       2.67076358e-21       1.13056560e-21       1.03637983e-21
480.00      -6.35939671e-22       2.52718628e-21       6.15944329e-22       2.76796380e-21       1.19002771e-21       1.03427435e-21
490.00      -6.34750690e-22       2.67930142e-21       7.33117033e-22       2.85915957e-21       1.24749482e-21       1.02794151e-21
500.00      -6.25813954e-22       2.83877500e-21       8.60368239e-22       2.94233186e-21       1.30247452e-21       1.01769096e-21
510.00      -6.07776726e-22       3.00548215e-21       9.96797464e-22       3.01576857e-21       1.35457162e-21       1.00391113e-21
520.00      -5.78895499e-22       3.17909409e-21       1.14155531e-21       3.07747621e-21       1.40353813e-21       9.86926766e-22
530.00      -5.37928293e-22       3.35934619e-21       1.29327910e-21       3.12648601e-21       1.44924279e-21       9.67153575e-22
540.00      -4.83085057e-22       3.54497336e-21       1.44987242e-21       3.16143813e-21       1.49152416e-21       9.45205005e-22
550.00      -4.13142634e-22       3.73492350e-21       1.60916339e-21       3.18179025e-21       1.53038739e-21       9.21564783e-22
560.00      -3.26807867e-22       3.92740705e-21       1.76892736e-21       3.18717092e-21       1.56587881e-21       8.96687080e-22
570.00      -2.22640714e-22       4.12063861e-21       1.92689198e-21       3.17784110e-21       1.59803153e-21       8.70956894e-22
580.00      -9.93526411e-23       4.31269369e-21       2.08141829e-21       3.15415976e-21       1.62707612e-21       8.44654365e-22
590.00       4.37573685e-23       4.50097119e-21       2.23047056e-21       3.11701343e-21       1.65315229e-21       8.18100660e-22
600.00       2.06893879e-22       4.68258160e-21       2.37235155e-21       3.06781859e-21       1.67635322e-21       7.91524617e-22
610.00       3.90135908e-22       4.85454074e-21       2.50568057e-21       3.00793342e-21       1.69695667e-21       7.65089679e-22
620.00       5.92523644e-22       5.01361706e-21       2.62951608e-21       2.93901355e-21       1.71518575e-21       7.39193793e-22
630.00       8.13267032e-22       5.15592018e-21       2.74278588e-21       2.86228502e-21       1.73103905e-21       7.13857697e-22
640.00       1.04996162e-21       5.27824548e-21       2.84508644e-21       2.77962734e-21       1.74474727e-21       6.89205451e-22
650.00       1.29867565e-21       5.37902545e-21       2.93655158e-21       2.69321439e-21       1.75670014e-21       6.65462285e-22
660.00       1.55595562e-21       5.45714920e-21       3.01785577e-21       2.60509391e-21       1.76715341e-21       6.42664361e-22
670.00       1.81974782e-21       5.51069496e-21       3.08933314e-21       2.51551547e-21       1.77617691e-21       6.20697305e-22
680.00       2.08558661e-21       5.53880496e-21       3.15123099e-21       2.42577470e-21       1.78387973e-21       5.99720261e-22
690.00       2.34930093e-21       5.54148284e-21       3.20405633e-21       2.33706136e-21       1.79038468e-21       5.79716922e-22
700.00       2.61068603e-21       5.51849978e-21       3.24890235e-21       2.24862253e-21       1.79567262e-21       5.60357269e-22
710.00       2.86476920e-21       5.47151206e-21       3.28624900e-21       2.16172464e-21       1.79994111e-21       5.41753562e-22
720.00       3.10423103e-21       5.40347865e-21       3.31621740e-21       2.07866181e-21       1.80340961e-21       5.24450980e-22
730.00       3.32260598e-21       5.31903027e-21       3.33913909e-21       2.00133061e-21       1.80635801e-21       5.08820713e-22
740.00       3.52154767e-21       5.21737718e-21       3.35528205e-21       1.92811847e-21       1.80834661e-21       4.94388578e-22
750.00       3.70364858e-21       5.10026153e-21       3.36568284e-21       1.85710925e-21       1.80941097e-21       4.80728682e-22
760.00       3.86776322e-21       4.97527597e-21       3.37246455e-21       1.79026962e-21       1.81006315e-21       4.67871193e-22
770.00       4.01413190e-21       4.84894047e-21       3.37711557e-21       1.72837229e-21       1.81081071e-21       4.55992522e-22
780.00       4.13831942e-21       4.72596771e-21       3.37915826e-21       1.67323421e-21       1.81173602e-21       4.45616841e-22
790.00       4.23088902e-21       4.61575155e-21       3.37798075e-21       1.62935377e-21       1.81308195e-21       4.38054026e-22
800.00       4.33404950e-21       4.53118879e-21       3.38721929e-21       1.58950848e-21       1.81744007e-21       4.29919741e-22
