% Al_l130nm_w40nm_h60nm
% units: lam in nm, alpha in m^3
% lam         Re(alpha_xx)         Im(alpha_xx)         Re(alpha_yy)         Im(alpha_yy)         Re(alpha_zz)         Im(alpha_zz)
300.00      -2.32607962e-22       3.97569549e-22       5.04409367e-22       6.84510504e-22       3.06031391e-22       1.17318550e-22
310.00      -2.80755327e-22       4.33970838e-22       5.48981149e-22       6.56902977e-22       1.55613910e-22       1.40533350e-22
320.00      -3.25182158e-22       4.72342828e-22       5.85660404e-22       6.35388867e-22       7.91861257e-23       2.58878026e-22
330.00      -3.67949837e-22       5.12181065e-22       6.19161504e-22       6.16653750e-22       7.12931391e-23       3.78076861e-22
340.00      -4.10332961e-22       5.53580130e-22       6.50791619e-22       5.98597351e-22       9.57974493e-23       4.79226575e-22
350.00      -4.52919914e-22       5.96866887e-22       6.80433812e-22       5.80025434e-22       1.36552479e-22       5.64711337e-22
360.00      -4.96063985e-22       6.42413351e-22       7.07863666e-22       5.60534312e-22       1.87389177e-22       6.37769611e-22
370.00      -5.39959370e-22       6.90720379e-22       7.32812804e-22       5.39888296e-22       2.45658127e-22       7.00044242e-22
380.00      -5.84804457e-22       7.41983804e-22       7.55208601e-22       5.18428117e-22       3.09646769e-22       7.52390566e-22
390.00      -6.30685489e-22       7.96598405e-22       7.75024337e-22       4.96405795e-22       3.77805494e-22       7.94777148e-22
400.00      -6.77689153e-22       8.54966812e-22       7.92283738e-22       4.74088437e-22       4.48814948e-22       8.27340190e-22
410.00      -7.25762329e-22       9.17465433e-22       8.07054460e-22       4.51750915e-22       5.21038311e-22       8.50071536e-22
420.00      -7.74852511e-22       9.84631409e-22       8.19495715e-22       4.29640818e-22       5.93007838e-22       8.63363040e-22
430.00      -8.24802540e-22       1.05692753e-21       8.29740399e-22       4.07977241e-22       6.63357637e-22       8.67588399e-22
440.00      -8.75331917e-22       1.13468520e-21       8.37999905e-22       3.87032168e-22       7.30470720e-22       8.63862720e-22
450.00      -9.26058804e-22       1.21821537e-21       8.44472750e-22       3.67008202e-22       7.93167498e-22       8.53317842e-22
460.00      -9.76559835e-22       1.30813535e-21       8.49389104e-22       3.47977437e-22       8.50937344e-22       8.37041484e-22
470.00      -1.02679226e-21       1.40509410e-21       8.52965975e-22       3.29850862e-22       9.03579858e-22       8.16179536e-22
480.00      -1.07664646e-21       1.50963528e-21       8.55534454e-22       3.12623202e-22       9.51215834e-22       7.91927643e-22
490.00      -1.12576417e-21       1.62247239e-21       8.57243809e-22       2.96314688e-22       9.93848810e-22       7.65202106e-22
500.00      -1.17306423e-21       1.74419518e-21       8.58119851e-22       2.80919837e-22       1.03146491e-21       7.36789205e-22
510.00      -1.21756231e-21       1.87588804e-21       8.58241771e-22       2.66407802e-22       1.06427282e-21       7.07299170e-22
520.00      -1.25798350e-21       2.01816802e-21       8.57696077e-22       2.52731376e-22       1.09250162e-21       6.77310100e-22
530.00      -1.29308471e-21       2.17213113e-21       8.56594974e-22       2.39868332e-22       1.11662688e-21       6.47245260e-22
540.00      -1.32134396e-21       2.33795932e-21       8.55061902e-22       2.27802834e-22       1.13703434e-21       6.17701032e-22
550.00      -1.34089873e-21       2.51602912e-21       8.53170018e-22       2.16519394e-22       1.15408660e-21       5.88892693e-22
560.00      -1.34946191e-21       2.70623618e-21       8.51002548e-22       2.05981247e-22       1.16816153e-21       5.61258685e-22
570.00      -1.34473483e-21       2.90835375e-21       8.48586507e-22       1.96147739e-22       1.17969635e-21       5.34790816e-22
580.00      -1.32396272e-21       3.12220862e-21       8.46003573e-22       1.86971429e-22       1.18898325e-21       5.09556178e-22
590.00      -1.28423159e-21       3.34674366e-21       8.43280087e-22       1.78389130e-22       1.19625886e-21       4.85579259e-22
600.00      -1.22262055e-21       3.58005961e-21       8.40415005e-22       1.70354008e-22       1.20197098e-21       4.62975515e-22
610.00      -1.13618934e-21       3.81945938e-21       8.37521944e-22       1.62888769e-22       1.20620848e-21       4.41677500e-22
620.00      -1.02206071e-21       4.06167518e-21       8.34567518e-22       1.55913311e-22       1.20919168e-21       4.21699915e-22
630.00      -8.77819272e-22       4.30163330e-21       8.31600707e-22       1.49440894e-22       1.21120213e-21       4.02996588e-22
640.00      -7.01188690e-22       4.53417989e-21       8.28572330e-22       1.43420883e-22       1.21217564e-21       3.85521172e-22
650.00      -4.94370718e-22       4.75308273e-21       8.25595575e-22       1.37830567e-22       1.21254972e-21       3.69318511e-22
660.00      -2.59604141e-22       4.95313498e-21       8.22692137e-22       1.32633690e-22       1.21247451e-21       3.54259267e-22
670.00       1.57630657e-24       5.12919089e-21       8.19865974e-22       1.27793865e-22       1.21191756e-21       3.40188324e-22
680.00       2.85872269e-22       5.27522382e-21       8.17061108e-22       1.23278302e-22       1.21096390e-21       3.27084351e-22
690.00       5.86557361e-22       5.38616698e-21       8.14324141e-22       1.19105329e-22       1.20973462e-21       3.15017283e-22
700.00       9.02292330e-22       5.46096255e-21       8.11588110e-22       1.15151309e-22       1.20803119e-21       3.03531899e-22
710.00       1.22365069e-21       5.49690922e-21       8.08856755e-22       1.11444870e-22       1.20605222e-21       2.92729411e-22
720.00       1.53692070e-21       5.49223004e-21       8.06284189e-22       1.08091222e-22       1.20398616e-21       2.82995867e-22
730.00       1.82856869e-21       5.44896698e-21       8.03844369e-22       1.05186977e-22       1.20195211e-21       2.74569317e-22
740.00       2.09996999e-21       5.36927774e-21       8.01411966e-22       1.02641433e-22       1.19961057e-21       2.67057950e-22
750.00       2.35141281e-21       5.25933477e-21       7.98931862e-22       1.00312718e-22       1.19695120e-21       2.60158041e-22
760.00       2.57750575e-21       5.12967308e-21       7.96508905e-22       9.81760322e-23       1.19429117e-21       2.53856660e-22
770.00       2.77364413e-21       4.99304719e-21       7.94375605e-22       9.62465649e-23       1.19195730e-21       2.48134696e-22
780.00       2.93265151e-21       4.85362821e-21       7.92473932e-22       9.47105898e-23       1.19009292e-21       2.43550497e-22
790.00       3.03750880e-21       4.72065083e-21       7.90999556e-22       9.39514428e-23       1.18886704e-21       2.41090136e-22
800.00       3.14206037e-21       4.63621897e-21       7.90529605e-22       9.28159147e-23       1.19026963e-21       2.38041597e-22
