% Al_l170nm_w40nm_h40nm
% units: lam in nm, alpha in m^3
% lam         Re(alpha_xx)         Im(alpha_xx)         Re(alpha_yy)         Im(alpha_yy)         Re(alpha_zz)         Im(alpha_zz)
300.00      -2.80545295e-22       7.58904001e-22       5.22267048e-22       1.02111742e-21       7.83684294e-23      -4.25921066e-22
310.00      -1.25957992e-22       7.16411937e-22       6.86720889e-22       9.52549346e-22      -6.06081980e-23      -2.66809797e-22
320.00      -1.11326952e-22       5.65549644e-22       7.72229947e-22       8.51914621e-22      -6.36510629e-23      -1.04180662e-22
330.00      -2.01249778e-22       4.84748746e-22       8.12963679e-22       7.68386682e-22      -1.28008788e-23       2.65770398e-24
340.00      -2.96287354e-22       4.68408776e-22       8.36459922e-22       7.03451549e-22       4.74405082e-23       6.80507992e-23
350.00      -3.77528816e-22       4.80411419e-22       8.52723654e-22       6.50776550e-22       1.04394195e-22       1.08617818e-22
360.00      -4.47705358e-22       5.04460655e-22       8.65166069e-22       6.05784353e-22       1.55467223e-22       1.34442888e-22
370.00      -5.10871438e-22       5.34327106e-22       8.74900214e-22       5.65887602e-22       2.00803943e-22       1.51046105e-22
380.00      -5.69903934e-22       5.67551052e-22       8.82515601e-22       5.29756067e-22       2.41034783e-22       1.61577381e-22
390.00      -6.26673784e-22       6.03160961e-22       8.88315644e-22       4.96628217e-22       2.76900917e-22       1.67952392e-22
400.00      -6.82409743e-22       6.40865018e-22       8.92494076e-22       4.66031138e-22       3.09010962e-22       1.71360554e-22
410.00      -7.37902016e-22       6.80611338e-22       8.95193148e-22       4.37620559e-22       3.37857959e-22       1.72619703e-22
420.00      -7.93723168e-22       7.22506017e-22       8.96613276e-22       4.11198560e-22       3.63856517e-22       1.72286031e-22
430.00      -8.50228582e-22       7.66768443e-22       8.96838747e-22       3.86579089e-22       3.87346341e-22       1.70764250e-22
440.00      -9.07549580e-22       8.13383900e-22       8.96105620e-22       3.63791093e-22       4.08607613e-22       1.68395419e-22
450.00      -9.65665811e-22       8.62564610e-22       8.94538303e-22       3.42786923e-22       4.27870681e-22       1.65506764e-22
460.00      -1.02474954e-21       9.14629320e-22       8.92252146e-22       3.23387947e-22       4.45352891e-22       1.62176480e-22
470.00      -1.08513640e-21       9.69689805e-22       8.89491115e-22       3.05385517e-22       4.61305427e-22       1.58548251e-22
480.00      -1.14715193e-21       1.02786300e-21       8.86440242e-22       2.88628270e-22       4.75926534e-22       1.54709635e-22
490.00      -1.21092225e-21       1.08935246e-21       8.83130002e-22       2.72999185e-22       4.89344467e-22       1.50678981e-22
500.00      -1.27636448e-21       1.15462346e-21       8.79601362e-22       2.58445247e-22       5.01643692e-22       1.46631773e-22
510.00      -1.34339250e-21       1.22414746e-21       8.75818419e-22       2.44877748e-22       5.12939889e-22       1.42471563e-22
520.00      -1.41194938e-21       1.29855924e-21       8.71838952e-22       2.32250325e-22       5.23259693e-22       1.38328076e-22
530.00      -1.48210002e-21       1.37825415e-21       8.67696762e-22       2.20453962e-22       5.32694160e-22       1.34267009e-22
540.00      -1.55372685e-21       1.46361348e-21       8.63450031e-22       2.09436261e-22       5.41390624e-22       1.30179297e-22
550.00      -1.62653474e-21       1.55503716e-21       8.59172319e-22       1.99199020e-22       5.49351872e-22       1.26249663e-22
560.00      -1.70018574e-21       1.65292446e-21       8.54861521e-22       1.89687523e-22       5.56702227e-22       1.22442232e-22
570.00      -1.77434448e-21       1.75772282e-21       8.50561719e-22       1.80847027e-22       5.63470844e-22       1.18762221e-22
580.00      -1.84899775e-21       1.87033125e-21       8.46244836e-22       1.72570408e-22       5.69703934e-22       1.15189152e-22
590.00      -1.92348326e-21       1.99112177e-21       8.42018476e-22       1.64900399e-22       5.75456542e-22       1.11765179e-22
600.00      -1.99734577e-21       2.12086897e-21       8.37820051e-22       1.57734219e-22       5.80766449e-22       1.08480629e-22
610.00      -2.06984244e-21       2.25997673e-21       8.33701866e-22       1.51062217e-22       5.85695930e-22       1.05337808e-22
620.00      -2.14022069e-21       2.40882342e-21       8.29687715e-22       1.44861329e-22       5.90249528e-22       1.02328643e-22
630.00      -2.20701281e-21       2.56879075e-21       8.25670506e-22       1.39076721e-22       5.94474892e-22       9.94907851e-23
640.00      -2.26894958e-21       2.73999665e-21       8.21776557e-22       1.33737530e-22       5.98371137e-22       9.68240757e-23
650.00      -2.32515777e-21       2.92181984e-21       8.17980378e-22       1.28774941e-22       6.02004298e-22       9.42911403e-23
660.00      -2.37479458e-21       3.11397617e-21       8.14352902e-22       1.24170923e-22       6.05464979e-22       9.19132488e-23
670.00      -2.41640633e-21       3.31759142e-21       8.10826958e-22       1.19869830e-22       6.08697856e-22       8.96356405e-23
680.00      -2.44784846e-21       3.53233876e-21       8.07447814e-22       1.15878858e-22       6.11735932e-22       8.75035540e-23
690.00      -2.46660520e-21       3.75743401e-21       8.04135668e-22       1.12187518e-22       6.14574747e-22       8.55232871e-23
700.00      -2.47182373e-21       3.99608694e-21       8.00888441e-22       1.08693117e-22       6.17198711e-22       8.36101657e-23
710.00      -2.46047651e-21       4.24661693e-21       7.97693888e-22       1.05402017e-22       6.19622995e-22       8.17802716e-23
720.00      -2.42894380e-21       4.50152839e-21       7.94639799e-22       1.02443981e-22       6.21947062e-22       8.01612046e-23
730.00      -2.37439663e-21       4.75118643e-21       7.91793014e-22       9.99321181e-23       6.24237131e-22       7.88130343e-23
740.00      -2.29160020e-21       4.99929869e-21       7.88976121e-22       9.77569114e-23       6.26355240e-22       7.76995427e-23
750.00      -2.18071172e-21       5.24743079e-21       7.86128175e-22       9.57750487e-23       6.28237454e-22       7.66740171e-23
760.00      -2.04642174e-21       5.48801698e-21       7.83390713e-22       9.39762771e-23       6.30054856e-22       7.57772309e-23
770.00      -1.89580971e-21       5.71373431e-21       7.80923904e-22       9.23654570e-23       6.31884302e-22       7.49752225e-23
780.00      -1.73226467e-21       5.90782834e-21       7.78732486e-22       9.11433429e-23       6.33837297e-22       7.44460367e-23
790.00      -1.56250933e-21       6.03962614e-21       7.76995444e-22       9.07248414e-23       6.35998244e-22       7.45282084e-23
800.00      -1.45592360e-21       6.17045023e-21       7.76311717e-22       8.98934152e-23       6.38903179e-22       7.42297607e-23
