% Al_l140nm_w80nm_h50nm
% units: lam in nm, alpha in m^3
% lam         Re(alpha_xx)         Im(alpha_xx)         Re(alpha_yy)         Im(alpha_yy)         Re(alpha_zz)         Im(alpha_zz)
300.00      -1.40208989e-22       6.62276077e-22      -4.11929468e-23       9.94813104e-22       1.43002017e-22      -1.89676487e-22
310.00      -2.11917581e-22       7.16139485e-22      -1.04330609e-22       1.06236382e-21       9.87626379e-23       8.64552250e-24
320.00      -2.72777972e-22       7.74615312e-22      -1.67896586e-22       1.19596496e-21       1.42011099e-22       1.53840308e-22
330.00      -3.27385610e-22       8.34928539e-22      -1.64190146e-22       1.36730839e-21       2.05226736e-22       2.50879411e-22
340.00      -3.78679188e-22       8.96680013e-22      -1.08094917e-22       1.51105665e-21       2.69230262e-22       3.19939366e-22
350.00      -4.28180916e-22       9.60100420e-22      -4.12805260e-23       1.62348671e-21       3.30452572e-22       3.72640698e-22
360.00      -4.76715212e-22       1.02549583e-21       2.43314833e-23       1.72032857e-21       3.88874142e-22       4.14752828e-22
370.00      -5.24853820e-22       1.09334661e-21       8.93358287e-23       1.81084905e-21       4.44900321e-22       4.49162952e-22
380.00      -5.72995151e-22       1.16400892e-21       1.56114107e-22       1.89879405e-21       4.99080141e-22       4.77538513e-22
390.00      -6.21360153e-22       1.23786497e-21       2.27022748e-22       1.98520409e-21       5.51705299e-22       5.00768776e-22
400.00      -6.70075421e-22       1.31530252e-21       3.03682753e-22       2.06985493e-21       6.02826798e-22       5.19422606e-22
410.00      -7.19242255e-22       1.39670362e-21       3.87135304e-22       2.15207670e-21       6.52423519e-22       5.33896911e-22
420.00      -7.68621827e-22       1.48261553e-21       4.78449373e-22       2.23053457e-21       7.00480258e-22       5.44428400e-22
430.00      -8.18158333e-22       1.57343702e-21       5.77613901e-22       2.30388907e-21       7.46775646e-22       5.51319711e-22
440.00      -8.67655107e-22       1.66934862e-21       6.84196114e-22       2.37074666e-21       7.91118033e-22       5.55019770e-22
450.00      -9.16766302e-22       1.77046567e-21       7.97285724e-22       2.42959037e-21       8.33339226e-22       5.55854775e-22
460.00      -9.65169026e-22       1.87737008e-21       9.16217083e-22       2.47915207e-21       8.73320075e-22       5.54155202e-22
470.00      -1.01283946e-21       1.99061410e-21       1.04016129e-21       2.51887177e-21       9.11135014e-22       5.50188579e-22
480.00      -1.05974074e-21       2.11069512e-21       1.16805343e-21       2.54833582e-21       9.46828948e-22       5.44222053e-22
490.00      -1.10552491e-21       2.23807799e-21       1.29857942e-21       2.56692876e-21       9.80434101e-22       5.36500827e-22
500.00      -1.14947316e-21       2.37334246e-21       1.43011695e-21       2.57397767e-21       1.01183341e-21       5.27324487e-22
510.00      -1.19070157e-21       2.51705685e-21       1.56112643e-21       2.56898891e-21       1.04097054e-21       5.16927116e-22
520.00      -1.22818753e-21       2.66969411e-21       1.68976454e-21       2.55193366e-21       1.06787756e-21       5.05510653e-22
530.00      -1.26102620e-21       2.83196569e-21       1.81461570e-21       2.52335865e-21       1.09264147e-21       4.93209667e-22
540.00      -1.28837002e-21       3.00414411e-21       1.93420535e-21       2.48433097e-21       1.11532150e-21       4.80410404e-22
550.00      -1.30918570e-21       3.18643955e-21       2.04719417e-21       2.43610163e-21       1.13610599e-21       4.67170329e-22
560.00      -1.32166085e-21       3.37860384e-21       2.15220325e-21       2.37970188e-21       1.15501994e-21       4.53787683e-22
570.00      -1.32448650e-21       3.58078037e-21       2.24871731e-21       2.31669833e-21       1.17218563e-21       4.40422393e-22
580.00      -1.31599667e-21       3.79317592e-21       2.33651690e-21       2.24821757e-21       1.18777697e-21       4.27073804e-22
590.00      -1.29427173e-21       4.01543364e-21       2.41542178e-21       2.17585871e-21       1.20183342e-21       4.13821379e-22
600.00      -1.25759084e-21       4.24672871e-21       2.48542461e-21       2.10065756e-21       1.21456976e-21       4.00776588e-22
610.00      -1.20398610e-21       4.48604937e-21       2.54681670e-21       2.02399723e-21       1.22600672e-21       3.88051423e-22
620.00      -1.13151102e-21       4.73172192e-21       2.59993741e-21       1.94693489e-21       1.23629246e-21       3.75654030e-22
630.00      -1.03763092e-21       4.98185636e-21       2.64506126e-21       1.87011427e-21       1.24549641e-21       3.63693489e-22
640.00      -9.20066284e-22       5.23389965e-21       2.68267910e-21       1.79430726e-21       1.25367722e-21       3.52149536e-22
650.00      -7.79343886e-22       5.48463376e-21       2.71376859e-21       1.72060541e-21       1.26103091e-21       3.41091934e-22
660.00      -6.14844543e-22       5.73138096e-21       2.73921647e-21       1.64953210e-21       1.26772279e-21       3.30521504e-22
670.00      -4.25620297e-22       5.97118749e-21       2.75955987e-21       1.58100912e-21       1.27373542e-21       3.20377522e-22
680.00      -2.11071525e-22       6.19981046e-21       2.77523792e-21       1.51539355e-21       1.27913025e-21       3.10686604e-22
690.00       2.78207519e-23       6.41270196e-21       2.78661761e-21       1.45281595e-21       1.28395682e-21       3.01524363e-22
700.00       2.92327778e-22       6.60817399e-21       2.79433090e-21       1.39242528e-21       1.28817340e-21       2.92633906e-22
710.00       5.79592860e-22       6.78110653e-21       2.79876648e-21       1.33474265e-21       1.29183673e-21       2.84103405e-22
720.00       8.80988470e-22       6.92470450e-21       2.80028559e-21       1.28100617e-21       1.29515835e-21       2.76199960e-22
730.00       1.18636241e-21       7.03443092e-21       2.79933794e-21       1.23231216e-21       1.29829161e-21       2.69166172e-22
740.00       1.49714583e-21       7.10779313e-21       2.79537526e-21       1.18706658e-21       1.30088440e-21       2.62734228e-22
750.00       1.81348287e-21       7.14660197e-21       2.78904957e-21       1.14423779e-21       1.30301978e-21       2.56686414e-22
760.00       2.12572309e-21       7.15505961e-21       2.78157675e-21       1.10426262e-21       1.30492623e-21       2.51025739e-22
770.00       2.42490396e-21       7.13986924e-21       2.77406892e-21       1.06753498e-21       1.30687310e-21       2.45788675e-22
780.00       2.69799556e-21       7.10150155e-21       2.76640087e-21       1.03559032e-21       1.30903460e-21       2.41345028e-22
790.00       2.92190025e-21       7.04168114e-21       2.75849098e-21       1.01127523e-21       1.31155394e-21       2.38403299e-22
800.00       3.13254682e-21       7.02265173e-21       2.75829943e-21       9.88204177e-22       1.31579886e-21       2.34888249e-22
