% Al_l120nm_w40nm_h50nm
% units: lam in nm, alpha in m^3
% lam         Re(alpha_xx)         Im(alpha_xx)         Re(alpha_yy)         Im(alpha_yy)         Re(alpha_zz)         Im(alpha_zz)
300.00      -2.75183240e-22       3.48983269e-22       4.11203352e-22       7.07080487e-22       7.72283385e-23       2.08647129e-22
310.00      -3.14215371e-22       3.80413758e-22       4.68015123e-22       6.83281787e-22       7.96204124e-23       3.13223052e-22
320.00      -3.51968928e-22       4.13420106e-22       5.15848970e-22       6.59505295e-22       1.14711195e-22       3.94107431e-22
330.00      -3.89534272e-22       4.47952591e-22       5.58026442e-22       6.35233268e-22       1.62575693e-22       4.55468076e-22
340.00      -4.27636230e-22       4.84322016e-22       5.95786361e-22       6.09826062e-22       2.16497874e-22       5.02218026e-22
350.00      -4.66555281e-22       5.22866663e-22       6.29228371e-22       5.83082538e-22       2.73572734e-22       5.36864632e-22
360.00      -5.06460682e-22       5.64033215e-22       6.58349034e-22       5.55152197e-22       3.31974826e-22       5.60836938e-22
370.00      -5.47455027e-22       6.08237836e-22       6.83169537e-22       5.26362871e-22       3.90042444e-22       5.74995334e-22
380.00      -5.89643846e-22       6.55830248e-22       7.03944742e-22       4.97361607e-22       4.46321952e-22       5.80458783e-22
390.00      -6.33060939e-22       7.07206292e-22       7.20947699e-22       4.68618629e-22       4.99528869e-22       5.78400290e-22
400.00      -6.77678956e-22       7.62830782e-22       7.34505467e-22       4.40496418e-22       5.48912516e-22       5.69960516e-22
410.00      -7.23461135e-22       8.23190298e-22       7.45017182e-22       4.13351805e-22       5.93708250e-22       5.56446838e-22
420.00      -7.70220055e-22       8.88899644e-22       7.52787351e-22       3.87336745e-22       6.33722044e-22       5.38974346e-22
430.00      -8.17720159e-22       9.60564840e-22       7.58214337e-22       3.62684511e-22       6.68827435e-22       5.18655889e-22
440.00      -8.65622931e-22       1.03858474e-21       7.61687680e-22       3.39592110e-22       6.99105419e-22       4.96702050e-22
450.00      -9.13181414e-22       1.12347031e-21       7.63463034e-22       3.18130286e-22       7.24810071e-22       4.73953109e-22
460.00      -9.59900664e-22       1.21597665e-21       7.63852747e-22       2.98240193e-22       7.46346389e-22       4.50999623e-22
470.00      -1.00549318e-21       1.31683695e-21       7.63229451e-22       2.79799503e-22       7.64400165e-22       4.28326890e-22
480.00      -1.04957096e-21       1.42672763e-21       7.61821989e-22       2.62666686e-22       7.79479526e-22       4.06215218e-22
490.00      -1.09133551e-21       1.54643371e-21       7.59858982e-22       2.46809965e-22       7.92008588e-22       3.84881375e-22
500.00      -1.12940770e-21       1.67687722e-21       7.57370908e-22       2.32108561e-22       8.02226144e-22       3.64456933e-22
510.00      -1.16210005e-21       1.81897891e-21       7.54447650e-22       2.18512543e-22       8.10417283e-22       3.45009168e-22
520.00      -1.18734260e-21       1.97355988e-21       7.51133926e-22       2.05942973e-22       8.16818143e-22       3.26571228e-22
530.00      -1.20307318e-21       2.14129048e-21       7.47559527e-22       1.94302833e-22       8.21703715e-22       3.09188592e-22
540.00      -1.20668755e-21       2.32225843e-21       7.43804224e-22       1.83533240e-22       8.25338313e-22       2.92859919e-22
550.00      -1.19520426e-21       2.51593581e-21       7.39902219e-22       1.73579008e-22       8.27939514e-22       2.77559872e-22
560.00      -1.16519135e-21       2.72114089e-21       7.35968025e-22       1.64413981e-22       8.29592658e-22       2.63336973e-22
570.00      -1.11328252e-21       2.93606273e-21       7.31982728e-22       1.55960811e-22       8.30592962e-22       2.50129039e-22
580.00      -1.03578841e-21       3.15842432e-21       7.27995289e-22       1.48149758e-22       8.30947259e-22       2.37810534e-22
590.00      -9.29185379e-22       3.38453536e-21       7.24035228e-22       1.40923202e-22       8.30826994e-22       2.26389012e-22
600.00      -7.90797466e-22       3.60933969e-21       7.20117928e-22       1.34237370e-22       8.30253764e-22       2.15718274e-22
610.00      -6.19023554e-22       3.82635315e-21       7.16269729e-22       1.28057308e-22       8.29405206e-22       2.05852764e-22
620.00      -4.14000341e-22       4.02849429e-21       7.12496963e-22       1.22339869e-22       8.28274121e-22       1.96695378e-22
630.00      -1.75862236e-22       4.20784502e-21       7.08761144e-22       1.17058409e-22       8.26898795e-22       1.88217950e-22
640.00       9.09403191e-23       4.35656301e-21       7.05118076e-22       1.12203097e-22       8.25284694e-22       1.80385476e-22
650.00       3.78029119e-22       4.46872988e-21       7.01594451e-22       1.07727415e-22       8.23644277e-22       1.73174973e-22
660.00       6.76892831e-22       4.54153055e-21       6.98211302e-22       1.03585133e-22       8.21968024e-22       1.66526964e-22
670.00       9.81329233e-22       4.57308064e-21       6.94952522e-22       9.97380383e-23       8.20252650e-22       1.60330801e-22
680.00       1.28055423e-21       4.56337759e-21       6.91834980e-22       9.62152750e-23       8.18507037e-22       1.54619558e-22
690.00       1.56748305e-21       4.51445296e-21       6.88802203e-22       9.29613655e-23       8.16763059e-22       1.49377295e-22
700.00       1.84006044e-21       4.43033025e-21       6.85816716e-22       8.98917991e-23       8.14870408e-22       1.44389510e-22
710.00       2.09058034e-21       4.31646035e-21       6.82883535e-22       8.70163308e-23       8.12964378e-22       1.39753593e-22
720.00       2.30899241e-21       4.18061027e-21       6.80107311e-22       8.44485827e-23       8.11108428e-22       1.35598486e-22
730.00       2.48917622e-21       4.03158214e-21       6.77519547e-22       8.22698571e-23       8.09413530e-22       1.32079112e-22
740.00       2.63690423e-21       3.87084229e-21       6.74956777e-22       8.03983913e-23       8.07655154e-22       1.29055286e-22
750.00       2.75809845e-21       3.70375319e-21       6.72399790e-22       7.87014128e-23       8.05735288e-22       1.26290909e-22
760.00       2.85463831e-21       3.53921873e-21       6.69960345e-22       7.71691218e-23       8.03920220e-22       1.23794200e-22
770.00       2.92935651e-21       3.38499982e-21       6.67714148e-22       7.57949485e-23       8.02341173e-22       1.21576362e-22
780.00       2.97917048e-21       3.24592865e-21       6.65774547e-22       7.47668644e-23       8.01106548e-22       1.19910150e-22
790.00       2.99554651e-21       3.13021335e-21       6.64189670e-22       7.44115791e-23       8.00343190e-22       1.19328046e-22
800.00       3.02777021e-21       3.05221983e-21       6.63551200e-22       7.37057682e-23       8.01020180e-22       1.18271377e-22
