% Al_l110nm_w80nm_h60nm
% units: lam in nm, alpha in m^3
% lam         Re(alpha_xx)         Im(alpha_xx)         Re(alpha_yy)         Im(alpha_yy)         Re(alpha_zz)         Im(alpha_zz)
300.00      -1.84025780e-22       6.78043265e-22      -1.16546482e-22       8.69775037e-22       1.66427502e-22       3.90156679e-22
310.00      -2.17398623e-22       7.41839853e-22      -1.05218566e-22       9.72900934e-22       1.89908082e-22       4.88943308e-22
320.00      -2.49043339e-22       8.06468653e-22      -8.76344581e-23       1.06215574e-21       2.24895519e-22       5.69880978e-22
330.00      -2.79992703e-22       8.72717662e-22      -6.94822931e-23       1.14617786e-21       2.64520695e-22       6.40141454e-22
340.00      -3.10765579e-22       9.41344148e-22      -5.04515045e-23       1.22964049e-21       3.07365114e-22       7.03813404e-22
350.00      -3.41274066e-22       1.01297961e-21      -2.89556646e-23       1.31440581e-21       3.53509499e-22       7.62643876e-22
360.00      -3.71450063e-22       1.08821465e-21      -3.57058858e-24       1.40122212e-21       4.03122561e-22       8.17071848e-22
370.00      -4.00832602e-22       1.16763401e-21       2.72183531e-23       1.49006714e-21       4.56438907e-22       8.67002442e-22
380.00      -4.29353054e-22       1.25164085e-21       6.43188411e-23       1.58083373e-21       5.13336367e-22       9.12325022e-22
390.00      -4.56616673e-22       1.34072410e-21       1.08711693e-22       1.67300636e-21       5.73509506e-22       9.52528763e-22
400.00      -4.82274654e-22       1.43524515e-21       1.61286969e-22       1.76583763e-21       6.36606820e-22       9.87226365e-22
410.00      -5.05704671e-22       1.53575533e-21       2.22925160e-22       1.85830440e-21       7.02048037e-22       1.01598288e-21
420.00      -5.26330324e-22       1.64262929e-21       2.94211786e-22       1.94918790e-21       7.69148338e-22       1.03838671e-21
430.00      -5.43251016e-22       1.75624238e-21       3.75689080e-22       2.03690931e-21       8.37007234e-22       1.05427115e-21
440.00      -5.55823158e-22       1.87656283e-21       4.67011742e-22       2.11981423e-21       9.04648595e-22       1.06371779e-21
450.00      -5.63005112e-22       2.00357264e-21       5.67643588e-22       2.19602349e-21       9.71077335e-22       1.06698881e-21
460.00      -5.63553891e-22       2.13732978e-21       6.77101557e-22       2.26381257e-21       1.03549137e-21       1.06430274e-21
470.00      -5.56640621e-22       2.27816242e-21       7.94534641e-22       2.32207876e-21       1.09747680e-21       1.05623250e-21
480.00      -5.41321411e-22       2.42614485e-21       9.18772820e-22       2.36992284e-21       1.15671789e-21       1.04330250e-21
490.00      -5.16273410e-22       2.58122650e-21       1.04842711e-21       2.40628966e-21       1.21275427e-21       1.02619804e-21
500.00      -4.79635006e-22       2.74245888e-21       1.18164788e-21       2.42976353e-21       1.26509518e-21       1.00529460e-21
510.00      -4.29422012e-22       2.90911499e-21       1.31644121e-21       2.43956837e-21       1.31339460e-21       9.81263650e-22
520.00      -3.63956472e-22       3.07976172e-21       1.45070182e-21       2.43543337e-21       1.35753511e-21       9.54552014e-22
530.00      -2.81163042e-22       3.25318674e-21       1.58245422e-21       2.41771585e-21       1.39745070e-21       9.25816915e-22
540.00      -1.80168016e-22       3.42695349e-21       1.70959752e-21       2.38739382e-21       1.43332746e-21       8.95694803e-22
550.00      -5.97910821e-23       3.59847827e-21       1.83027124e-21       2.34558541e-21       1.46520409e-21       8.64739909e-22
560.00       8.06574041e-23       3.76459076e-21       1.94296480e-21       2.29380324e-21       1.49329275e-21       8.33437961e-22
570.00       2.41057643e-22       3.92207410e-21       2.04666417e-21       2.23382259e-21       1.51784714e-21       8.02233298e-22
580.00       4.21397788e-22       4.06756045e-21       2.14087895e-21       2.16681670e-21       1.53913205e-21       7.71298787e-22
590.00       6.20279447e-22       4.19758755e-21       2.22526598e-21       2.09478614e-21       1.55743281e-21       7.40928786e-22
600.00       8.35749567e-22       4.30873784e-21       2.29985283e-21       2.01917641e-21       1.57301211e-21       7.11314617e-22
610.00       1.06434194e-21       4.39799363e-21       2.36475732e-21       1.94158986e-21       1.58614285e-21       6.82622361e-22
620.00       1.30276269e-21       4.46315572e-21       2.42057112e-21       1.86330761e-21       1.59714193e-21       6.55039493e-22
630.00       1.54720024e-21       4.50164856e-21       2.46742123e-21       1.78505057e-21       1.60601774e-21       6.28548407e-22
640.00       1.79279560e-21       4.51299278e-21       2.50602206e-21       1.70786660e-21       1.61309075e-21       6.03296309e-22
650.00       2.03444999e-21       4.49870795e-21       2.53759047e-21       1.63312599e-21       1.61876483e-21       5.79349268e-22
660.00       2.26828520e-21       4.46102870e-21       2.56304704e-21       1.56117982e-21       1.62322682e-21       5.56695323e-22
670.00       2.49176624e-21       4.40124573e-21       2.58293115e-21       1.49196494e-21       1.62661451e-21       5.35174860e-22
680.00       2.70152070e-21       4.32181607e-21       2.59783800e-21       1.42582603e-21       1.62902973e-21       5.14861745e-22
690.00       2.89496050e-21       4.22586747e-21       2.60831927e-21       1.36313898e-21       1.63060735e-21       4.95786569e-22
700.00       3.07300117e-21       4.11463337e-21       2.61494524e-21       1.30289323e-21       1.63123913e-21       4.77487247e-22
710.00       3.23367975e-21       3.99198759e-21       2.61822309e-21       1.24556995e-21       1.63118372e-21       4.60142834e-22
720.00       3.37375302e-21       3.86334639e-21       2.61853461e-21       1.19232194e-21       1.63064738e-21       4.44137493e-22
730.00       3.49135714e-21       3.73438139e-21       2.61660422e-21       1.14443501e-21       1.62990173e-21       4.29869706e-22
740.00       3.58922118e-21       3.60253214e-21       2.61167964e-21       1.09993576e-21       1.62841596e-21       4.16811284e-22
750.00       3.67048640e-21       3.46911468e-21       2.60450934e-21       1.05807970e-21       1.62628939e-21       4.04568667e-22
760.00       3.73761796e-21       3.33895884e-21       2.59627241e-21       1.01916529e-21       1.62402049e-21       3.93188128e-22
770.00       3.79311257e-21       3.21584569e-21       2.58801290e-21       9.83542408e-22       1.62195395e-21       3.82690340e-22
780.00       3.83526335e-21       3.10400393e-21       2.57972734e-21       9.52555782e-22       1.62031697e-21       3.73714169e-22
790.00       3.86008043e-21       3.01066775e-21       2.57126330e-21       9.28848735e-22       1.61926025e-21       3.67352880e-22
800.00       3.89929063e-21       2.93428235e-21       2.57024370e-21       9.06345508e-22       1.62107403e-21       3.60440125e-22
