% Al_l160nm_w70nm_h60nm
% units: lam in nm, alpha in m^3
% lam         Re(alpha_xx)         Im(alpha_xx)         Re(alpha_yy)         Im(alpha_yy)         Re(alpha_zz)         Im(alpha_zz)
300.00       1.00068071e-22       7.37870296e-22       1.47676841e-22       1.09782828e-21       6.89181223e-22      -2.08416192e-22
310.00      -1.54506210e-23       7.32619589e-22       1.15286904e-22       1.19573942e-21       5.95832928e-22      -3.73737290e-22
320.00      -1.16692803e-22       7.68137520e-22       9.14326791e-23       1.34930481e-21       3.52191708e-22      -4.14517208e-22
330.00      -2.01514121e-22       8.20814331e-22       1.42190236e-22       1.54745765e-21       1.52045093e-22      -2.54404945e-22
340.00      -2.75143176e-22       8.80684698e-22       2.79908425e-22       1.70273701e-21       9.68211284e-23      -4.16631393e-23
350.00      -3.41712180e-22       9.44155703e-22       4.29938881e-22       1.78268741e-21       1.26955803e-22       1.32265450e-22
360.00      -4.03984774e-22       1.00993782e-21       5.54566694e-22       1.82471362e-21       1.88086673e-22       2.62275863e-22
370.00      -4.63675090e-22       1.07793553e-21       6.58578272e-22       1.85604421e-21       2.57858818e-22       3.61362394e-22
380.00      -5.21989851e-22       1.14805109e-21       7.51933053e-22       1.88555696e-21       3.28955746e-22       4.40182476e-22
390.00      -5.79688984e-22       1.22049062e-21       8.41114678e-22       1.91446424e-21       3.99216316e-22       5.05007920e-22
400.00      -6.37310212e-22       1.29556925e-21       9.29630860e-22       1.94189577e-21       4.68385642e-22       5.59653839e-22
410.00      -6.95130397e-22       1.37354855e-21       1.01900430e-21       1.96647768e-21       5.36400305e-22       6.06105771e-22
420.00      -7.53380275e-22       1.45484787e-21       1.10989861e-21       1.98701601e-21       6.03609439e-22       6.45682532e-22
430.00      -8.12120694e-22       1.53978547e-21       1.20216299e-21       2.00241000e-21       6.69686529e-22       6.79078303e-22
440.00      -8.71407954e-22       1.62846413e-21       1.29508140e-21       2.01218351e-21       7.34616057e-22       7.06924268e-22
450.00      -9.31220244e-22       1.72101971e-21       1.38778005e-21       2.01594048e-21       7.98191258e-22       7.29703874e-22
460.00      -9.91238260e-22       1.81802183e-21       1.47969521e-21       2.01305449e-21       8.60189116e-22       7.47649163e-22
470.00      -1.05177826e-21       1.91984291e-21       1.57038617e-21       2.00389003e-21       9.20511272e-22       7.61189437e-22
480.00      -1.11301895e-21       2.02687346e-21       1.65946628e-21       1.98879897e-21       9.79140241e-22       7.70628014e-22
490.00      -1.17482842e-21       2.13954902e-21       1.74632822e-21       1.96761275e-21       1.03600207e-21       7.76251168e-22
500.00      -1.23700843e-21       2.25822545e-21       1.83001158e-21       1.94108557e-21       1.09068389e-21       7.78327158e-22
510.00      -1.29894794e-21       2.38354174e-21       1.90989213e-21       1.90882087e-21       1.14294431e-21       7.77114389e-22
520.00      -1.36022837e-21       2.51601349e-21       1.98540491e-21       1.87166321e-21       1.19266088e-21       7.72889871e-22
530.00      -1.42059069e-21       2.65618754e-21       2.05615363e-21       1.83002594e-21       1.23972079e-21       7.66008040e-22
540.00      -1.47955112e-21       2.80459759e-21       2.12182849e-21       1.78464533e-21       1.28410087e-21       7.56743181e-22
550.00      -1.53655307e-21       2.96151792e-21       2.18219384e-21       1.73635546e-21       1.32568644e-21       7.45700236e-22
560.00      -1.59105258e-21       3.12711012e-21       2.23715809e-21       1.68612426e-21       1.36457109e-21       7.33036766e-22
570.00      -1.64208889e-21       3.30190760e-21       2.28667855e-21       1.63428421e-21       1.40071901e-21       7.19132672e-22
580.00      -1.68891725e-21       3.48665995e-21       2.33096127e-21       1.58133961e-21       1.43426676e-21       7.04223750e-22
590.00      -1.73064895e-21       3.68176877e-21       2.37019278e-21       1.52797370e-21       1.46527329e-21       6.88469421e-22
600.00      -1.76647924e-21       3.88742992e-21       2.40477761e-21       1.47464328e-21       1.49391921e-21       6.72208214e-22
610.00      -1.79475528e-21       4.10360730e-21       2.43471375e-21       1.42182837e-21       1.52023454e-21       6.55603251e-22
620.00      -1.81437595e-21       4.33055905e-21       2.46042399e-21       1.36985980e-21       1.54442223e-21       6.38879537e-22
630.00      -1.82316873e-21       4.56822047e-21       2.48206737e-21       1.31905107e-21       1.56644600e-21       6.22083864e-22
640.00      -1.81963539e-21       4.81598972e-21       2.49988602e-21       1.26954612e-21       1.58649202e-21       6.05457835e-22
650.00      -1.80289751e-21       5.07321312e-21       2.51447369e-21       1.22180284e-21       1.60484057e-21       5.89126981e-22
660.00      -1.77223614e-21       5.33904173e-21       2.52644082e-21       1.17602707e-21       1.62170805e-21       5.73216988e-22
670.00      -1.72566864e-21       5.61293824e-21       2.53598519e-21       1.13210955e-21       1.63717253e-21       5.57658299e-22
680.00      -1.66050271e-21       5.89371424e-21       2.54311157e-21       1.08998351e-21       1.65125226e-21       5.42503833e-22
690.00      -1.57531814e-21       6.17911918e-21       2.54816368e-21       1.04992982e-21       1.66403711e-21       5.27902024e-22
700.00      -1.46695298e-21       6.47050683e-21       2.55126073e-21       1.01120598e-21       1.67560388e-21       5.13560722e-22
710.00      -1.33417630e-21       6.76428232e-21       2.55262923e-21       9.74095180e-22       1.68595520e-21       4.99593925e-22
720.00      -1.17772875e-21       7.05290509e-21       2.55252124e-21       9.39389449e-22       1.69550417e-21       4.86506641e-22
730.00      -1.00167659e-21       7.32773940e-21       2.55138607e-21       9.07978999e-22       1.70423579e-21       4.74673477e-22
740.00      -7.99603541e-22       7.58820740e-21       2.54856894e-21       8.78768119e-22       1.71192157e-21       4.63734585e-22
750.00      -5.69146184e-22       7.83484677e-21       2.54429605e-21       8.51025493e-22       1.71857277e-21       4.53310053e-22
760.00      -3.18769863e-22       8.06465503e-21       2.53945093e-21       8.24983911e-22       1.72465567e-21       4.43462587e-22
770.00      -5.63440475e-23       8.27594855e-21       2.53473705e-21       8.00891321e-22       1.73064295e-21       4.34234063e-22
780.00       2.08264727e-22       8.45845711e-21       2.53026325e-21       7.79772470e-22       1.73661904e-21       4.26338202e-22
790.00       4.54303640e-22       8.59444388e-21       2.52606107e-21       7.63734403e-22       1.74283785e-21       4.20952171e-22
800.00       6.68587793e-22       8.75880630e-21       2.52728733e-21       7.47793228e-22       1.75182939e-21       4.14874165e-22
