% Al_l120nm_w70nm_h50nm
% units: lam in nm, alpha in m^3
% lam         Re(alpha_xx)         Im(alpha_xx)         Re(alpha_yy)         Im(alpha_yy)         Re(alpha_zz)         Im(alpha_zz)
300.00      -2.50477036e-22       5.73043010e-22      -1.59919188e-22       8.98336610e-22       1.42652221e-22       2.34924337e-22
310.00      -2.92344889e-22       6.23652655e-22      -1.34227548e-22       1.03278478e-21       1.80200962e-22       3.31157466e-22
320.00      -3.32160611e-22       6.75525020e-22      -8.49253660e-23       1.13517535e-21       2.28427091e-22       4.00303310e-22
330.00      -3.71194910e-22       7.28966717e-22      -3.46407597e-23       1.22040898e-21       2.78719698e-22       4.53554789e-22
340.00      -4.10285152e-22       7.84484887e-22       1.55569623e-23       1.29971911e-21       3.29516102e-22       4.96640049e-22
350.00      -4.49643511e-22       8.42553364e-22       6.79458048e-23       1.37662668e-21       3.80660640e-22       5.32046644e-22
360.00      -4.89383720e-22       9.03713907e-22       1.25320669e-22       1.45221108e-21       4.32117918e-22       5.60906844e-22
370.00      -5.29357025e-22       9.68570299e-22       1.89375096e-22       1.52583277e-21       4.83723782e-22       5.83706929e-22
380.00      -5.69698525e-22       1.03742912e-21       2.60822987e-22       1.59671374e-21       5.34989827e-22       6.00872512e-22
390.00      -6.10283096e-22       1.11083711e-21       3.40239646e-22       1.66346754e-21       5.85520259e-22       6.12725097e-22
400.00      -6.50951802e-22       1.18914737e-21       4.27663938e-22       1.72463488e-21       6.34897484e-22       6.19528011e-22
410.00      -6.91455279e-22       1.27292124e-21       5.22749160e-22       1.77857090e-21       6.82533099e-22       6.21676335e-22
420.00      -7.31455710e-22       1.36274546e-21       6.24783113e-22       1.82367313e-21       7.28148586e-22       6.19529095e-22
430.00      -7.70467999e-22       1.45913868e-21       7.32574347e-22       1.85837081e-21       7.71191013e-22       6.13597767e-22
440.00      -8.08006982e-22       1.56234519e-21       8.43891799e-22       1.88174170e-21       8.11420642e-22       6.04442303e-22
450.00      -8.43423915e-22       1.67255330e-21       9.56669174e-22       1.89307083e-21       8.48541573e-22       5.92765750e-22
460.00      -8.75644121e-22       1.79047568e-21       1.06897438e-21       1.89198509e-21       8.82505227e-22       5.78960583e-22
470.00      -9.04423318e-22       1.91656636e-21       1.17914444e-21       1.87930754e-21       9.13463146e-22       5.63561008e-22
480.00      -9.29212253e-22       2.05158341e-21       1.28588109e-21       1.85595050e-21       9.41668165e-22       5.46861356e-22
490.00      -9.48726783e-22       2.19577307e-21       1.38741520e-21       1.82272015e-21       9.67157058e-22       5.29277743e-22
500.00      -9.61591537e-22       2.34957199e-21       1.48245660e-21       1.78065961e-21       9.89977722e-22       5.11141192e-22
510.00      -9.65894052e-22       2.51327549e-21       1.56993670e-21       1.73082522e-21       1.01025421e-21       4.92658884e-22
520.00      -9.59652305e-22       2.68687708e-21       1.64903561e-21       1.67466162e-21       1.02805986e-21       4.74069377e-22
530.00      -9.40966974e-22       2.87031744e-21       1.71954568e-21       1.61373175e-21       1.04363939e-21       4.55602420e-22
540.00      -9.07619534e-22       3.06284730e-21       1.78133093e-21       1.54955204e-21       1.05720241e-21       4.37378501e-22
550.00      -8.57409864e-22       3.26318950e-21       1.83456490e-21       1.48353401e-21       1.06893381e-21       4.19606628e-22
560.00      -7.87938662e-22       3.46960719e-21       1.87952839e-21       1.41681122e-21       1.07901144e-21       4.02416254e-22
570.00      -6.97203396e-22       3.67965121e-21       1.91687985e-21       1.35067819e-21       1.08763255e-21       3.85864050e-22
580.00      -5.82932005e-22       3.89093604e-21       1.94734580e-21       1.28568708e-21       1.09494463e-21       3.69993214e-22
590.00      -4.43294248e-22       4.10003425e-21       1.97157624e-21       1.22246062e-21       1.10103330e-21       3.54764800e-22
600.00      -2.77477080e-22       4.30268972e-21       1.99026809e-21       1.16144858e-21       1.10613635e-21       3.40263402e-22
610.00      -8.56299141e-23       4.49427685e-21       2.00412976e-21       1.10313551e-21       1.11033664e-21       3.26476477e-22
620.00       1.32016678e-22       4.66990805e-21       2.01377174e-21       1.04761124e-21       1.11374817e-21       3.13388974e-22
630.00       3.73458008e-22       4.82389187e-21       2.01955057e-21       9.95017676e-22       1.11641049e-21       3.01036387e-22
640.00       6.35590011e-22       4.95143846e-21       2.02203155e-21       9.45413820e-22       1.11844578e-21       2.89399059e-22
650.00       9.11967127e-22       5.04960234e-21       2.02203352e-21       8.99016326e-22       1.12000479e-21       2.78490786e-22
660.00       1.19734194e-21       5.11674763e-21       2.02017590e-21       8.55769891e-22       1.12121377e-21       2.68218916e-22
670.00       1.48764876e-21       5.15114612e-21       2.01659554e-21       8.15240538e-22       1.12204642e-21       2.58533949e-22
680.00       1.77607023e-21       5.15248394e-21       2.01150655e-21       7.77418340e-22       1.12259740e-21       2.49464082e-22
690.00       2.05689511e-21       5.12166358e-21       2.00530588e-21       7.42364974e-22       1.12284963e-21       2.40991268e-22
700.00       2.32878417e-21       5.06062455e-21       1.99791576e-21       7.09186602e-22       1.12275196e-21       2.32907124e-22
710.00       2.58630094e-21       4.97168766e-21       1.98959142e-21       6.78030317e-22       1.12242702e-21       2.25239530e-22
720.00       2.81979554e-21       4.86130310e-21       1.98085693e-21       6.49688177e-22       1.12195017e-21       2.18229215e-22
730.00       3.02400895e-21       4.73533413e-21       1.97170153e-21       6.24429593e-22       1.12149748e-21       2.12076690e-22
740.00       3.20092470e-21       4.59482674e-21       1.96182009e-21       6.01589109e-22       1.12080132e-21       2.06523974e-22
750.00       3.35513857e-21       4.44266213e-21       1.95120405e-21       5.80267821e-22       1.11983842e-21       2.01437522e-22
760.00       3.48693792e-21       4.28742203e-21       1.94073907e-21       5.60718289e-22       1.11881566e-21       1.96687525e-22
770.00       3.59791463e-21       4.13646550e-21       1.93083990e-21       5.42870980e-22       1.11796276e-21       1.92325003e-22
780.00       3.68427288e-21       3.99587538e-21       1.92163233e-21       5.27691037e-22       1.11745756e-21       1.88700125e-22
790.00       3.73779771e-21       3.87360111e-21       1.91330924e-21       5.16930174e-22       1.11741451e-21       1.86485533e-22
800.00       3.80401482e-21       3.78187584e-21       1.90992779e-21       5.06059473e-22       1.11900739e-21       1.83724533e-22
